20180711192437	0.00	0.00	0.00	0.00
20180711192438	0.00	0.00	0.00	0.00
20180711192440	0.00	0.00	0.00	0.00
20180711192441	0.00	0.00	0.00	0.00
20180711192442	0.00	0.00	0.00	0.00
20180711192443	0.00	0.00	0.00	0.00
20180711192444	0.00	0.00	0.00	0.00
20180711192445	0.00	0.00	0.00	0.00
20180711192446	1116.00	0.00	0.00	0.00
20180711192447	1116.00	0.00	0.00	0.00
20180711192448	1116.00	0.00	0.00	0.00
20180711192449	1116.00	0.00	0.00	0.00
20180711192450	1116.00	0.00	0.00	0.00
20180711192451	1116.00	0.00	0.00	0.00
20180711192452	1116.00	0.00	0.00	0.00
20180711192453	1116.00	0.00	0.00	0.00
20180711192454	1116.00	0.00	0.00	0.00
20180711192455	1116.00	0.00	0.00	0.00
20180711192456	1116.00	0.00	0.00	0.00
20180711192457	11160.00	0.00	0.00	0.00
20180711192458	11160.00	0.00	0.00	0.00
20180711192459	111500.00	0.00	0.00	0.00
20180711192500	111500.00	0.00	0.00	0.00
20180711192501	111400.00	0.00	0.00	0.00
20180711192502	111400.00	0.00	0.00	0.00
20180711192503	111400.00	0.00	0.00	0.00
20180711192504	111400.00	0.00	0.00	0.00
20180711192505	111400.00	0.00	0.00	0.00
20180711192506	111500.00	0.00	0.00	0.00
20180711192507	111500.00	0.00	0.00	0.00
20180711192508	111500.00	0.00	0.00	0.00
20180711192509	111500.00	0.00	0.00	0.00
20180711192510	111500.00	0.00	0.00	0.00
20180711192511	111500.00	0.00	0.00	0.00
20180711192512	111500.00	0.00	0.00	0.00
20180711192513	111500.00	0.00	0.00	0.00
20180711192514	111500.00	0.00	0.00	0.00
20180711192515	111500.00	0.00	0.00	0.00
20180711192516	-12000.00	0.00	0.00	0.00
20180711192517	-12000.00	0.00	0.00	0.00
20180711192518	79400.00	0.00	0.00	0.00
20180711192519	79400.00	0.00	0.00	0.00
20180711192520	79300.00	0.00	0.00	0.00
20180711192521	79300.00	0.00	0.00	0.00
20180711192522	79300.00	0.00	0.00	0.00
20180711192523	79300.00	0.00	0.00	0.00
20180711192524	79300.00	0.00	0.00	0.00
20180711192525	79300.00	0.00	0.00	0.00
20180711192526	79300.00	0.00	0.00	0.00
20180711192527	79300.00	0.00	0.00	0.00
20180711192528	79300.00	0.00	0.00	0.00
20180711192529	49100.00	0.00	0.00	0.00
20180711192530	49100.00	0.00	0.00	0.00
20180711192531	49300.00	0.00	0.00	0.00
20180711192532	49300.00	0.00	0.00	0.00
20180711192533	49300.00	0.00	0.00	0.00
20180711192534	49300.00	0.00	0.00	0.00
20180711192535	49300.00	0.00	0.00	0.00
20180711192536	49300.00	0.00	0.00	0.00
20180711192537	49300.00	0.00	0.00	0.00
20180711192538	49200.00	0.00	0.00	0.00
20180711192539	49200.00	0.00	0.00	0.00
20180711192540	49300.00	0.00	0.00	0.00
20180711192541	49300.00	0.00	0.00	0.00
20180711192542	49300.00	0.00	0.00	0.00
20180711192543	49300.00	0.00	0.00	0.00
20180711192544	49200.00	0.00	0.00	0.00
20180711192545	49200.00	0.00	0.00	0.00
20180711192546	49300.00	0.00	0.00	0.00
20180711192547	49300.00	0.00	0.00	0.00
20180711192548	49300.00	0.00	0.00	0.00
20180711192549	49300.00	0.00	0.00	0.00
20180711192550	49300.00	0.00	0.00	0.00
20180711192551	49200.00	0.00	0.00	0.00
20180711192552	49200.00	0.00	0.00	0.00
20180711192553	49400.00	0.00	0.00	0.00
20180711192554	49400.00	0.00	0.00	0.00
20180711192555	49300.00	0.00	0.00	0.00
20180711192556	49300.00	0.00	0.00	0.00
20180711192557	49300.00	0.00	0.00	0.00
20180711192558	49300.00	0.00	0.00	0.00
20180711192559	49300.00	0.00	0.00	0.00
20180711192600	49300.00	0.00	0.00	0.00
20180711192601	49300.00	0.00	0.00	0.00
20180711192602	49300.00	0.00	0.00	0.00
20180711192603	49300.00	0.00	0.00	0.00
20180711192604	49300.00	0.00	0.00	0.00
20180711192605	49300.00	0.00	0.00	0.00
20180711192606	49200.00	0.00	0.00	0.00
20180711192607	49200.00	0.00	0.00	0.00
20180711192608	49200.00	0.00	0.00	0.00
20180711192609	49200.00	0.00	0.00	0.00
20180711192610	49200.00	0.00	0.00	0.00
20180711192611	49200.00	0.00	0.00	0.00
20180711192612	49200.00	0.00	0.00	0.00
20180711192613	49300.00	0.00	0.00	0.00
20180711192614	49300.00	0.00	0.00	0.00
20180711192615	49300.00	0.00	0.00	0.00
20180711192616	49300.00	0.00	0.00	0.00
20180711192617	49400.00	0.00	0.00	0.00
20180711192618	49400.00	0.00	0.00	0.00
20180711192619	49300.00	0.00	0.00	0.00
20180711192620	49300.00	0.00	0.00	0.00
20180711192621	49400.00	0.00	0.00	0.00
20180711192622	49400.00	0.00	0.00	0.00
20180711192623	49400.00	0.00	0.00	0.00
20180711192624	49400.00	0.00	0.00	0.00
20180711192625	49300.00	0.00	0.00	0.00
20180711192626	49300.00	0.00	0.00	0.00
20180711192627	49400.00	0.00	0.00	0.00
20180711192628	49400.00	0.00	0.00	0.00
20180711192629	49300.00	0.00	0.00	0.00
20180711192630	49300.00	0.00	0.00	0.00
20180711192631	49300.00	0.00	0.00	0.00
20180711192632	49300.00	0.00	0.00	0.00
20180711192633	49300.00	0.00	0.00	0.00
20180711192634	49300.00	0.00	0.00	0.00
20180711192635	49300.00	0.00	0.00	0.00
20180711192636	49200.00	0.00	0.00	0.00
20180711192637	49200.00	0.00	0.00	0.00
20180711192638	49300.00	0.00	0.00	0.00
20180711192639	49300.00	0.00	0.00	0.00
20180711192640	49400.00	0.00	0.00	0.00
20180711192641	49400.00	0.00	0.00	0.00
20180711192642	49400.00	0.00	0.00	0.00
20180711192643	49300.00	0.00	0.00	0.00
20180711192644	49300.00	0.00	0.00	0.00
20180711192645	49300.00	0.00	0.00	0.00
20180711192646	49300.00	0.00	0.00	0.00
20180711192647	49300.00	0.00	0.00	0.00
20180711192648	49300.00	0.00	0.00	0.00
20180711192649	49300.00	0.00	0.00	0.00
20180711192650	49300.00	0.00	0.00	0.00
20180711192651	49300.00	0.00	0.00	0.00
20180711192652	49300.00	0.00	0.00	0.00
20180711192653	49300.00	0.00	0.00	0.00
20180711192654	49200.00	0.00	0.00	0.00
20180711192655	49200.00	0.00	0.00	0.00
20180711192656	49200.00	0.00	0.00	0.00
20180711192657	49200.00	0.00	0.00	0.00
20180711192658	49400.00	0.00	0.00	0.00
20180711192659	49400.00	0.00	0.00	0.00
20180711192700	49300.00	0.00	0.00	0.00
20180711192701	49300.00	0.00	0.00	0.00
20180711192702	49400.00	0.00	0.00	0.00
20180711192703	49400.00	0.00	0.00	0.00
20180711192704	49300.00	0.00	0.00	0.00
20180711192705	49300.00	0.00	0.00	0.00
20180711192706	49300.00	0.00	0.00	0.00
20180711192707	49300.00	0.00	0.00	0.00
20180711192708	49300.00	0.00	0.00	0.00
20180711192709	49300.00	0.00	0.00	0.00
20180711192710	49300.00	0.00	0.00	0.00
20180711192711	49300.00	0.00	0.00	0.00
20180711192712	49300.00	0.00	0.00	0.00
20180711192713	49300.00	0.00	0.00	0.00
20180711192714	49300.00	0.00	0.00	0.00
20180711192715	49300.00	0.00	0.00	0.00
20180711192716	49300.00	0.00	0.00	0.00
20180711192717	49300.00	0.00	0.00	0.00
20180711192718	49300.00	0.00	0.00	0.00
20180711192719	49300.00	0.00	0.00	0.00
20180711192720	49300.00	0.00	0.00	0.00
20180711192721	49300.00	0.00	0.00	0.00
20180711192722	49300.00	0.00	0.00	0.00
20180711192723	49300.00	0.00	0.00	0.00
20180711192724	49400.00	0.00	0.00	0.00
20180711192725	49400.00	0.00	0.00	0.00
20180711192726	49200.00	0.00	0.00	0.00
20180711192727	49200.00	0.00	0.00	0.00
20180711192728	49200.00	0.00	0.00	0.00
20180711192729	49200.00	0.00	0.00	0.00
20180711192730	49300.00	0.00	0.00	0.00
20180711192731	49300.00	0.00	0.00	0.00
20180711192732	49200.00	0.00	0.00	0.00
20180711192733	49200.00	0.00	0.00	0.00
20180711192734	48300.00	0.00	0.00	0.00
20180711192735	48300.00	0.00	0.00	0.00
20180711192736	48300.00	0.00	0.00	0.00
20180711192737	32000.00	0.00	0.00	0.00
20180711192738	32000.00	0.00	0.00	0.00
20180711192739	7700.00	0.00	0.00	0.00
20180711192740	7700.00	0.00	0.00	0.00
20180711192741	-1600.00	0.00	0.00	0.00
20180711192742	-1600.00	0.00	0.00	0.00
20180711192743	-6200.00	0.00	0.00	0.00
20180711192744	-6200.00	0.00	0.00	0.00
20180711192745	-6700.00	0.00	0.00	0.00
20180711192746	-6700.00	0.00	0.00	0.00
20180711192747	-3100.00	0.00	0.00	0.00
20180711192748	-3100.00	0.00	0.00	0.00
20180711192749	-1100.00	0.00	0.00	0.00
20180711192750	-1100.00	0.00	0.00	0.00
20180711192751	-1100.00	0.00	0.00	0.00
20180711192752	0.00	0.00	0.00	0.00
20180711192753	0.00	0.00	0.00	0.00
20180711192754	300.00	0.00	0.00	0.00
20180711192755	300.00	0.00	0.00	0.00
20180711192756	300.00	0.00	0.00	0.00
20180711192757	300.00	0.00	0.00	0.00
20180711192758	300.00	0.00	0.00	0.00
20180711192759	300.00	0.00	0.00	0.00
20180711192800	300.00	0.00	0.00	0.00
20180711192801	600.00	0.00	0.00	0.00
20180711192802	600.00	0.00	0.00	0.00
20180711192803	500.00	0.00	0.00	0.00
20180711192804	500.00	0.00	0.00	0.00
20180711192805	500.00	0.00	0.00	0.00
20180711192806	500.00	0.00	0.00	0.00
20180711192807	500.00	0.00	0.00	0.00
20180711192808	500.00	0.00	0.00	0.00
20180711192809	500.00	0.00	0.00	0.00
20180711192810	500.00	0.00	0.00	0.00
20180711192811	700.00	0.00	0.00	0.00
20180711192812	700.00	0.00	0.00	0.00
20180711192813	500.00	0.00	0.00	0.00
20180711192814	500.00	0.00	0.00	0.00
20180711192815	500.00	0.00	0.00	0.00
20180711192816	500.00	0.00	0.00	0.00
20180711192817	700.00	0.00	0.00	0.00
20180711192818	700.00	0.00	0.00	0.00
20180711192819	700.00	0.00	0.00	0.00
20180711192820	700.00	0.00	0.00	0.00
20180711192821	700.00	0.00	0.00	0.00
20180711192822	700.00	0.00	0.00	0.00
20180711192823	700.00	0.00	0.00	0.00
20180711192824	700.00	0.00	0.00	0.00
20180711192825	700.00	0.00	0.00	0.00
20180711192826	700.00	0.00	0.00	0.00
20180711192827	700.00	0.00	0.00	0.00
20180711192828	700.00	0.00	0.00	0.00
20180711192829	700.00	0.00	0.00	0.00
20180711192830	700.00	0.00	0.00	0.00
20180711192831	6100.00	0.00	0.00	0.00
20180711192832	6100.00	0.00	0.00	0.00
20180711192833	23200.00	0.00	0.00	0.00
20180711192834	23200.00	0.00	0.00	0.00
20180711192835	37900.00	0.00	0.00	0.00
20180711192836	37900.00	0.00	0.00	0.00
20180711192837	22700.00	0.00	0.00	0.00
20180711192838	22700.00	0.00	0.00	0.00
20180711192839	32400.00	0.00	0.00	0.00
20180711192840	32400.00	0.00	0.00	0.00
20180711192841	32400.00	0.00	0.00	0.00
20180711192842	38200.00	0.00	0.00	0.00
20180711192843	38200.00	0.00	0.00	0.00
20180711192844	46000.00	0.00	0.00	0.00
20180711192845	46000.00	0.00	0.00	0.00
20180711192846	48100.00	0.00	0.00	0.00
20180711192847	48100.00	0.00	0.00	0.00
20180711192848	48900.00	0.00	0.00	0.00
20180711192849	48900.00	0.00	0.00	0.00
20180711192850	49100.00	0.00	0.00	0.00
20180711192851	49100.00	0.00	0.00	0.00
20180711192852	49400.00	0.00	0.00	0.00
20180711192853	49400.00	0.00	0.00	0.00
20180711192854	49300.00	0.00	0.00	0.00
20180711192855	49300.00	0.00	0.00	0.00
20180711192856	49200.00	0.00	0.00	0.00
20180711192857	49200.00	0.00	0.00	0.00
20180711192858	49300.00	0.00	0.00	0.00
20180711192859	49300.00	0.00	0.00	0.00
20180711192900	49300.00	0.00	0.00	0.00
20180711192901	49200.00	0.00	0.00	0.00
20180711192902	49200.00	0.00	0.00	0.00
20180711192903	49300.00	0.00	0.00	0.00
20180711192904	49300.00	0.00	0.00	0.00
20180711192905	49600.00	0.00	0.00	0.00
20180711192906	49600.00	0.00	0.00	0.00
20180711192907	49600.00	0.00	0.00	0.00
20180711192908	49600.00	0.00	0.00	0.00
20180711192909	49600.00	0.00	0.00	0.00
20180711192910	49300.00	0.00	0.00	0.00
20180711192911	49300.00	0.00	0.00	0.00
20180711192912	49400.00	0.00	0.00	0.00
20180711192913	49400.00	0.00	0.00	0.00
20180711192914	49300.00	0.00	0.00	0.00
20180711192915	49300.00	0.00	0.00	0.00
20180711192916	49300.00	0.00	0.00	0.00
20180711192917	49300.00	0.00	0.00	0.00
20180711192918	49200.00	0.00	0.00	0.00
20180711192919	49200.00	0.00	0.00	0.00
20180711192920	49300.00	0.00	0.00	0.00
20180711192921	49300.00	0.00	0.00	0.00
20180711192922	49200.00	0.00	0.00	0.00
20180711192923	49200.00	0.00	0.00	0.00
20180711192924	49200.00	0.00	0.00	0.00
20180711192925	49400.00	0.00	0.00	0.00
20180711192926	49400.00	0.00	0.00	0.00
20180711192927	49200.00	0.00	0.00	0.00
20180711192928	49200.00	0.00	0.00	0.00
20180711192929	49200.00	0.00	0.00	0.00
20180711192930	49200.00	0.00	0.00	0.00
20180711192931	84900.00	0.00	0.00	0.00
20180711192932	84900.00	0.00	0.00	0.00
20180711192933	84600.00	0.00	0.00	0.00
20180711192934	84600.00	0.00	0.00	0.00
20180711192935	84600.00	0.00	0.00	0.00
20180711192936	84600.00	0.00	0.00	0.00
20180711192937	84600.00	0.00	0.00	0.00
20180711192938	84600.00	0.00	0.00	0.00
20180711192939	84600.00	0.00	0.00	0.00
20180711192940	84600.00	0.00	0.00	0.00
20180711192941	84600.00	0.00	0.00	0.00
20180711192942	84900.00	0.00	0.00	0.00
20180711192943	84900.00	0.00	0.00	0.00
20180711192944	84900.00	0.00	0.00	0.00
20180711192945	84900.00	0.00	0.00	0.00
20180711192946	85000.00	0.00	0.00	0.00
20180711192947	85000.00	0.00	0.00	0.00
20180711192948	85000.00	0.00	0.00	0.00
20180711192949	85300.00	0.00	0.00	0.00
20180711192950	85300.00	0.00	0.00	0.00
20180711192951	85200.00	0.00	0.00	0.00
20180711192952	85200.00	0.00	0.00	0.00
20180711192953	85400.00	0.00	0.00	0.00
20180711192954	85400.00	0.00	0.00	0.00
20180711192955	85400.00	0.00	0.00	0.00
20180711192956	85400.00	0.00	0.00	0.00
20180711192957	85600.00	0.00	0.00	0.00
20180711192958	85600.00	0.00	0.00	0.00
20180711192959	85600.00	0.00	0.00	0.00
20180711193000	85600.00	0.00	0.00	0.00
20180711193001	85800.00	0.00	0.00	0.00
20180711193002	85800.00	0.00	0.00	0.00
20180711193003	85800.00	0.00	0.00	0.00
20180711193004	85800.00	0.00	0.00	0.00
20180711193005	86000.00	0.00	0.00	0.00
20180711193006	86000.00	0.00	0.00	0.00
20180711193007	86000.00	0.00	0.00	0.00
20180711193008	86000.00	0.00	0.00	0.00
20180711193009	86000.00	0.00	0.00	0.00
20180711193010	86000.00	0.00	0.00	0.00
20180711193011	86000.00	0.00	0.00	0.00
20180711193012	86200.00	0.00	0.00	0.00
20180711193013	86200.00	0.00	0.00	0.00
20180711193014	86200.00	0.00	0.00	0.00
20180711193015	86200.00	0.00	0.00	0.00
20180711193016	86200.00	0.00	0.00	0.00
20180711193017	86200.00	0.00	0.00	0.00
20180711193018	86200.00	0.00	0.00	0.00
20180711193019	86400.00	0.00	0.00	0.00
20180711193020	86400.00	0.00	0.00	0.00
20180711193021	86500.00	0.00	0.00	0.00
20180711193022	86500.00	0.00	0.00	0.00
20180711193023	86400.00	0.00	0.00	0.00
20180711193024	86400.00	0.00	0.00	0.00
20180711193025	86500.00	0.00	0.00	0.00
20180711193026	86500.00	0.00	0.00	0.00
20180711193027	86700.00	0.00	0.00	0.00
20180711193028	86700.00	0.00	0.00	0.00
20180711193029	86700.00	0.00	0.00	0.00
20180711193030	86600.00	0.00	0.00	0.00
20180711193031	86600.00	0.00	0.00	0.00
20180711193032	86600.00	0.00	0.00	0.00
20180711193033	86600.00	0.00	0.00	0.00
20180711193034	86600.00	0.00	0.00	0.00
20180711193035	86600.00	0.00	0.00	0.00
20180711193036	86700.00	0.00	0.00	0.00
20180711193037	86700.00	0.00	0.00	0.00
20180711193038	86800.00	0.00	0.00	0.00
20180711193039	86800.00	0.00	0.00	0.00
20180711193040	86800.00	0.00	0.00	0.00
20180711193041	86800.00	0.00	0.00	0.00
20180711193042	86800.00	0.00	0.00	0.00
20180711193043	86800.00	0.00	0.00	0.00
20180711193044	86800.00	0.00	0.00	0.00
20180711193045	86800.00	0.00	0.00	0.00
20180711193046	86800.00	0.00	0.00	0.00
20180711193047	86800.00	0.00	0.00	0.00
20180711193048	86800.00	0.00	0.00	0.00
20180711193049	86800.00	0.00	0.00	0.00
20180711193050	86800.00	0.00	0.00	0.00
20180711193051	87000.00	0.00	0.00	0.00
20180711193052	87000.00	0.00	0.00	0.00
20180711193053	87000.00	0.00	0.00	0.00
20180711193054	87000.00	0.00	0.00	0.00
20180711193055	87000.00	0.00	0.00	0.00
20180711193056	87000.00	0.00	0.00	0.00
20180711193057	87000.00	0.00	0.00	0.00
20180711193058	87000.00	0.00	0.00	0.00
20180711193059	87000.00	0.00	0.00	0.00
20180711193100	87000.00	0.00	0.00	0.00
20180711193101	87000.00	0.00	0.00	0.00
20180711193102	87100.00	0.00	0.00	0.00
20180711193103	87100.00	0.00	0.00	0.00
20180711193104	87000.00	0.00	0.00	0.00
20180711193105	87000.00	0.00	0.00	0.00
20180711193106	87000.00	0.00	0.00	0.00
20180711193107	87000.00	0.00	0.00	0.00
20180711193108	87000.00	0.00	0.00	0.00
20180711193109	87000.00	0.00	0.00	0.00
20180711193110	87000.00	0.00	0.00	0.00
20180711193111	87000.00	0.00	0.00	0.00
20180711193112	87000.00	0.00	0.00	0.00
20180711193113	87000.00	0.00	0.00	0.00
20180711193114	87000.00	0.00	0.00	0.00
20180711193115	87000.00	0.00	0.00	0.00
20180711193116	87000.00	0.00	0.00	0.00
20180711193117	87100.00	0.00	0.00	0.00
20180711193118	87100.00	0.00	0.00	0.00
20180711193119	87000.00	0.00	0.00	0.00
20180711193120	87000.00	0.00	0.00	0.00
20180711193121	87200.00	0.00	0.00	0.00
20180711193122	87200.00	0.00	0.00	0.00
20180711193123	87200.00	0.00	0.00	0.00
20180711193124	87200.00	0.00	0.00	0.00
20180711193125	87200.00	0.00	0.00	0.00
20180711193126	87200.00	0.00	0.00	0.00
20180711193127	87200.00	0.00	0.00	0.00
20180711193128	87200.00	0.00	0.00	0.00
20180711193129	87200.00	0.00	0.00	0.00
20180711193130	87200.00	0.00	0.00	0.00
20180711193131	87200.00	0.00	0.00	0.00
20180711193132	87200.00	0.00	0.00	0.00
20180711193133	87200.00	0.00	0.00	0.00
20180711193134	87200.00	0.00	0.00	0.00
20180711193135	87200.00	0.00	0.00	0.00
20180711193136	87200.00	0.00	0.00	0.00
20180711193137	87200.00	0.00	0.00	0.00
20180711193138	87200.00	0.00	0.00	0.00
20180711193139	87200.00	0.00	0.00	0.00
20180711193140	87200.00	0.00	0.00	0.00
20180711193141	87200.00	0.00	0.00	0.00
20180711193142	87200.00	0.00	0.00	0.00
20180711193143	87100.00	0.00	0.00	0.00
20180711193144	87100.00	0.00	0.00	0.00
20180711193145	87200.00	0.00	0.00	0.00
20180711193146	87200.00	0.00	0.00	0.00
20180711193147	87200.00	0.00	0.00	0.00
20180711193148	87200.00	0.00	0.00	0.00
20180711193149	87100.00	0.00	0.00	0.00
20180711193150	87100.00	0.00	0.00	0.00
20180711193151	87200.00	0.00	0.00	0.00
20180711193152	87200.00	0.00	0.00	0.00
20180711193153	87200.00	0.00	0.00	0.00
20180711193154	87200.00	0.00	0.00	0.00
20180711193155	87200.00	0.00	0.00	0.00
20180711193156	87200.00	0.00	0.00	0.00
20180711193157	87200.00	0.00	0.00	0.00
20180711193158	87200.00	0.00	0.00	0.00
20180711193159	87200.00	0.00	0.00	0.00
20180711193200	87200.00	0.00	0.00	0.00
20180711193201	87200.00	0.00	0.00	0.00
20180711193202	87400.00	0.00	0.00	0.00
20180711193203	87400.00	0.00	0.00	0.00
20180711193204	87400.00	0.00	0.00	0.00
20180711193205	87400.00	0.00	0.00	0.00
20180711193206	87400.00	0.00	0.00	0.00
20180711193207	87400.00	0.00	0.00	0.00
20180711193208	87400.00	0.00	0.00	0.00
20180711193209	87400.00	0.00	0.00	0.00
20180711193210	87400.00	0.00	0.00	0.00
20180711193211	87400.00	0.00	0.00	0.00
20180711193212	87400.00	0.00	0.00	0.00
20180711193213	87400.00	0.00	0.00	0.00
20180711193214	87400.00	0.00	0.00	0.00
20180711193215	87400.00	0.00	0.00	0.00
20180711193216	87400.00	0.00	0.00	0.00
20180711193217	87400.00	0.00	0.00	0.00
20180711193218	87400.00	0.00	0.00	0.00
20180711193219	87400.00	0.00	0.00	0.00
20180711193220	87400.00	0.00	0.00	0.00
20180711193221	87400.00	0.00	0.00	0.00
20180711193222	87400.00	0.00	0.00	0.00
20180711193223	87400.00	0.00	0.00	0.00
20180711193224	87400.00	0.00	0.00	0.00
20180711193225	87400.00	0.00	0.00	0.00
20180711193226	87300.00	0.00	0.00	0.00
20180711193227	87300.00	0.00	0.00	0.00
20180711193228	87400.00	0.00	0.00	0.00
20180711193229	87400.00	0.00	0.00	0.00
20180711193230	87400.00	0.00	0.00	0.00
20180711193231	87400.00	0.00	0.00	0.00
20180711193232	87300.00	0.00	0.00	0.00
20180711193233	87300.00	0.00	0.00	0.00
20180711193234	87400.00	0.00	0.00	0.00
20180711193235	87400.00	0.00	0.00	0.00
20180711193236	87400.00	0.00	0.00	0.00
20180711193237	87400.00	0.00	0.00	0.00
20180711193238	87400.00	0.00	0.00	0.00
20180711193239	87400.00	0.00	0.00	0.00
20180711193240	87400.00	0.00	0.00	0.00
20180711193241	87300.00	0.00	0.00	0.00
20180711193242	87300.00	0.00	0.00	0.00
20180711193243	87300.00	0.00	0.00	0.00
20180711193244	87400.00	0.00	0.00	0.00
20180711193245	87400.00	0.00	0.00	0.00
20180711193246	87300.00	0.00	0.00	0.00
20180711193247	87300.00	0.00	0.00	0.00
20180711193248	87400.00	0.00	0.00	0.00
20180711193249	87400.00	0.00	0.00	0.00
20180711193250	87400.00	0.00	0.00	0.00
20180711193251	87400.00	0.00	0.00	0.00
20180711193252	87400.00	0.00	0.00	0.00
20180711193253	87400.00	0.00	0.00	0.00
20180711193254	87400.00	0.00	0.00	0.00
20180711193255	87400.00	0.00	0.00	0.00
20180711193256	87400.00	0.00	0.00	0.00
20180711193257	87400.00	0.00	0.00	0.00
20180711193258	87400.00	0.00	0.00	0.00
20180711193259	87400.00	0.00	0.00	0.00
20180711193300	87400.00	0.00	0.00	0.00
20180711193301	87400.00	0.00	0.00	0.00
20180711193302	87400.00	0.00	0.00	0.00
20180711193303	87300.00	0.00	0.00	0.00
20180711193304	87300.00	0.00	0.00	0.00
20180711193305	87400.00	0.00	0.00	0.00
20180711193306	87400.00	0.00	0.00	0.00
20180711193307	87400.00	0.00	0.00	0.00
20180711193308	87400.00	0.00	0.00	0.00
20180711193309	87400.00	0.00	0.00	0.00
20180711193310	87400.00	0.00	0.00	0.00
20180711193311	87400.00	0.00	0.00	0.00
20180711193312	87400.00	0.00	0.00	0.00
20180711193313	87400.00	0.00	0.00	0.00
20180711193314	87400.00	0.00	0.00	0.00
20180711193315	87400.00	0.00	0.00	0.00
20180711193316	87300.00	0.00	0.00	0.00
20180711193317	87300.00	0.00	0.00	0.00
20180711193318	87400.00	0.00	0.00	0.00
20180711193319	87400.00	0.00	0.00	0.00
20180711193320	87400.00	0.00	0.00	0.00
20180711193321	87400.00	0.00	0.00	0.00
20180711193322	87400.00	0.00	0.00	0.00
20180711193323	87400.00	0.00	0.00	0.00
20180711193324	87400.00	0.00	0.00	0.00
20180711193325	87400.00	0.00	0.00	0.00
20180711193326	87400.00	0.00	0.00	0.00
20180711193327	87400.00	0.00	0.00	0.00
20180711193328	87400.00	0.00	0.00	0.00
20180711193329	87400.00	0.00	0.00	0.00
20180711193330	87400.00	0.00	0.00	0.00
20180711193331	87400.00	0.00	0.00	0.00
20180711193332	87400.00	0.00	0.00	0.00
20180711193333	87400.00	0.00	0.00	0.00
20180711193334	87400.00	0.00	0.00	0.00
20180711193335	87400.00	0.00	0.00	0.00
20180711193336	87400.00	0.00	0.00	0.00
20180711193337	87300.00	0.00	0.00	0.00
20180711193338	87300.00	0.00	0.00	0.00
20180711193339	87400.00	0.00	0.00	0.00
20180711193340	87400.00	0.00	0.00	0.00
20180711193341	87400.00	0.00	0.00	0.00
20180711193342	87400.00	0.00	0.00	0.00
20180711193343	87400.00	0.00	0.00	0.00
20180711193344	87400.00	0.00	0.00	0.00
20180711193345	87400.00	0.00	0.00	0.00
20180711193346	87400.00	0.00	0.00	0.00
20180711193347	87400.00	0.00	0.00	0.00
20180711193348	87400.00	0.00	0.00	0.00
20180711193349	87400.00	0.00	0.00	0.00
20180711193350	87400.00	0.00	0.00	0.00
20180711193351	87400.00	0.00	0.00	0.00
20180711193352	87400.00	0.00	0.00	0.00
20180711193353	87400.00	0.00	0.00	0.00
20180711193354	87400.00	0.00	0.00	0.00
20180711193355	87400.00	0.00	0.00	0.00
20180711193356	87400.00	0.00	0.00	0.00
20180711193357	87300.00	0.00	0.00	0.00
20180711193358	87300.00	0.00	0.00	0.00
20180711193359	87400.00	0.00	0.00	0.00
20180711193400	87400.00	0.00	0.00	0.00
20180711193401	87400.00	0.00	0.00	0.00
20180711193402	87400.00	0.00	0.00	0.00
20180711193403	87400.00	0.00	0.00	0.00
20180711193404	87400.00	0.00	0.00	0.00
20180711193405	87400.00	0.00	0.00	0.00
20180711193406	87400.00	0.00	0.00	0.00
20180711193407	87400.00	0.00	0.00	0.00
20180711193408	87400.00	0.00	0.00	0.00
20180711193409	87400.00	0.00	0.00	0.00
20180711193410	87400.00	0.00	0.00	0.00
20180711193411	87400.00	0.00	0.00	0.00
20180711193412	87400.00	0.00	0.00	0.00
20180711193413	87400.00	0.00	0.00	0.00
20180711193414	87400.00	0.00	0.00	0.00
20180711193415	87400.00	0.00	0.00	0.00
20180711193416	87400.00	0.00	0.00	0.00
20180711193417	87400.00	0.00	0.00	0.00
20180711193418	87400.00	0.00	0.00	0.00
20180711193419	87400.00	0.00	0.00	0.00
20180711193420	87400.00	0.00	0.00	0.00
20180711193421	87400.00	0.00	0.00	0.00
20180711193422	87400.00	0.00	0.00	0.00
20180711193423	87600.00	0.00	0.00	0.00
20180711193424	87600.00	0.00	0.00	0.00
20180711193425	87600.00	0.00	0.00	0.00
20180711193426	87600.00	0.00	0.00	0.00
20180711193427	87600.00	0.00	0.00	0.00
20180711193428	87400.00	0.00	0.00	0.00
20180711193429	87400.00	0.00	0.00	0.00
20180711193430	87400.00	0.00	0.00	0.00
20180711193431	87400.00	0.00	0.00	0.00
20180711193432	87600.00	0.00	0.00	0.00
20180711193433	87600.00	0.00	0.00	0.00
20180711193434	87600.00	0.00	0.00	0.00
20180711193435	87600.00	0.00	0.00	0.00
20180711193436	87400.00	0.00	0.00	0.00
20180711193437	87400.00	0.00	0.00	0.00
20180711193438	87600.00	0.00	0.00	0.00
20180711193439	87600.00	0.00	0.00	0.00
20180711193440	87600.00	0.00	0.00	0.00
20180711193441	87600.00	0.00	0.00	0.00
20180711193442	87500.00	0.00	0.00	0.00
20180711193443	87500.00	0.00	0.00	0.00
20180711193444	87500.00	0.00	0.00	0.00
20180711193445	87500.00	0.00	0.00	0.00
20180711193446	87600.00	0.00	0.00	0.00
20180711193447	87600.00	0.00	0.00	0.00
20180711193448	87600.00	0.00	0.00	0.00
20180711193449	87600.00	0.00	0.00	0.00
20180711193450	87600.00	0.00	0.00	0.00
20180711193451	87600.00	0.00	0.00	0.00
20180711193452	87600.00	0.00	0.00	0.00
20180711193453	87600.00	0.00	0.00	0.00
20180711193454	87600.00	0.00	0.00	0.00
20180711193455	87600.00	0.00	0.00	0.00
20180711193456	87600.00	0.00	0.00	0.00
20180711193457	87600.00	0.00	0.00	0.00
20180711193458	87600.00	0.00	0.00	0.00
20180711193459	87600.00	0.00	0.00	0.00
20180711193500	87600.00	0.00	0.00	0.00
20180711193501	87600.00	0.00	0.00	0.00
20180711193502	87500.00	0.00	0.00	0.00
20180711193503	87500.00	0.00	0.00	0.00
20180711193504	87600.00	0.00	0.00	0.00
20180711193505	87600.00	0.00	0.00	0.00
20180711193506	87600.00	0.00	0.00	0.00
20180711193507	87600.00	0.00	0.00	0.00
20180711193508	87500.00	0.00	0.00	0.00
20180711193509	87500.00	0.00	0.00	0.00
20180711193510	87500.00	0.00	0.00	0.00
20180711193511	87600.00	0.00	0.00	0.00
20180711193512	87600.00	0.00	0.00	0.00
20180711193513	87600.00	0.00	0.00	0.00
20180711193514	87600.00	0.00	0.00	0.00
20180711193515	87600.00	0.00	0.00	0.00
20180711193516	87600.00	0.00	0.00	0.00
20180711193517	87600.00	0.00	0.00	0.00
20180711193518	87600.00	0.00	0.00	0.00
20180711193519	87600.00	0.00	0.00	0.00
20180711193520	87600.00	0.00	0.00	0.00
20180711193521	87600.00	0.00	0.00	0.00
20180711193522	87600.00	0.00	0.00	0.00
20180711193523	87500.00	0.00	0.00	0.00
20180711193524	87500.00	0.00	0.00	0.00
20180711193525	87600.00	0.00	0.00	0.00
20180711193526	87600.00	0.00	0.00	0.00
20180711193527	87600.00	0.00	0.00	0.00
20180711193528	87600.00	0.00	0.00	0.00
20180711193529	87600.00	0.00	0.00	0.00
20180711193530	87600.00	0.00	0.00	0.00
20180711193531	87600.00	0.00	0.00	0.00
20180711193532	87600.00	0.00	0.00	0.00
20180711193533	87600.00	0.00	0.00	0.00
20180711193534	87600.00	0.00	0.00	0.00
20180711193535	87600.00	0.00	0.00	0.00
20180711193536	87600.00	0.00	0.00	0.00
20180711193537	87600.00	0.00	0.00	0.00
20180711193538	87600.00	0.00	0.00	0.00
20180711193539	87500.00	0.00	0.00	0.00
20180711193540	87500.00	0.00	0.00	0.00
20180711193541	87600.00	0.00	0.00	0.00
20180711193542	87600.00	0.00	0.00	0.00
20180711193543	87500.00	0.00	0.00	0.00
20180711193544	87500.00	0.00	0.00	0.00
20180711193545	80900.00	0.00	0.00	0.00
20180711193546	80900.00	0.00	0.00	0.00
20180711193547	69200.00	0.00	0.00	0.00
20180711193548	69200.00	0.00	0.00	0.00
20180711193549	55400.00	0.00	0.00	0.00
20180711193550	55400.00	0.00	0.00	0.00
20180711193551	35500.00	0.00	0.00	0.00
20180711193552	35500.00	0.00	0.00	0.00
20180711193553	35500.00	0.00	0.00	0.00
20180711193554	15600.00	0.00	0.00	0.00
20180711193555	15600.00	0.00	0.00	0.00
20180711193556	5000.00	0.00	0.00	0.00
20180711193557	5000.00	0.00	0.00	0.00
20180711193558	2400.00	0.00	0.00	0.00
20180711193559	2400.00	0.00	0.00	0.00
20180711193600	1700.00	0.00	0.00	0.00
20180711193601	1700.00	0.00	0.00	0.00
20180711193602	1300.00	0.00	0.00	0.00
20180711193603	1300.00	0.00	0.00	0.00
20180711193604	1100.00	0.00	0.00	0.00
20180711193605	1100.00	0.00	0.00	0.00
20180711193606	1100.00	0.00	0.00	0.00
20180711193607	900.00	0.00	0.00	0.00
20180711193608	900.00	0.00	0.00	0.00
20180711193609	-2400.00	0.00	0.00	0.00
20180711193610	-2400.00	0.00	0.00	0.00
20180711193611	-4600.00	0.00	0.00	0.00
20180711193612	-4600.00	0.00	0.00	0.00
20180711193613	-5300.00	0.00	0.00	0.00
20180711193614	-5300.00	0.00	0.00	0.00
20180711193615	-5300.00	0.00	0.00	0.00
20180711193616	-5700.00	0.00	0.00	0.00
20180711193617	-5700.00	0.00	0.00	0.00
20180711193618	-5900.00	0.00	0.00	0.00
20180711193619	-5900.00	0.00	0.00	0.00
20180711193620	-6000.00	0.00	0.00	0.00
20180711193621	-6000.00	0.00	0.00	0.00
20180711193622	-5900.00	0.00	0.00	0.00
20180711193623	-5900.00	0.00	0.00	0.00
20180711193624	-5900.00	0.00	0.00	0.00
20180711193625	-5900.00	0.00	0.00	0.00
20180711193626	-5900.00	0.00	0.00	0.00
20180711193627	-5900.00	0.00	0.00	0.00
20180711193628	-6000.00	0.00	0.00	0.00
20180711193629	-6000.00	0.00	0.00	0.00
20180711193630	-5900.00	0.00	0.00	0.00
20180711193631	-5900.00	0.00	0.00	0.00
20180711193632	-6000.00	0.00	0.00	0.00
20180711193633	-6000.00	0.00	0.00	0.00
20180711193634	-5900.00	0.00	0.00	0.00
20180711193635	-5900.00	0.00	0.00	0.00
20180711193636	-5900.00	0.00	0.00	0.00
20180711193637	-5900.00	0.00	0.00	0.00
20180711193638	-5900.00	0.00	0.00	0.00
20180711193639	-6000.00	0.00	0.00	0.00
20180711193640	-6000.00	0.00	0.00	0.00
20180711193641	-5900.00	0.00	0.00	0.00
20180711193642	-5900.00	0.00	0.00	0.00
20180711193643	-5900.00	0.00	0.00	0.00
20180711193644	-5900.00	0.00	0.00	0.00
20180711193645	-5900.00	0.00	0.00	0.00
20180711193646	-5900.00	0.00	0.00	0.00
20180711193647	-5900.00	0.00	0.00	0.00
20180711193648	-5900.00	0.00	0.00	0.00
20180711193649	-5900.00	0.00	0.00	0.00
20180711193650	-5900.00	0.00	0.00	0.00
20180711193651	-5900.00	0.00	0.00	0.00
20180711193652	-5900.00	-198000.00	0.00	0.00
20180711193653	-5900.00	-198000.00	0.00	0.00
20180711193654	-5800.00	-198000.00	0.00	0.00
20180711193655	-5800.00	-198000.00	0.00	0.00
20180711193656	-5900.00	-198000.00	0.00	0.00
20180711193657	-5900.00	-198000.00	0.00	0.00
20180711193658	-5900.00	-198000.00	0.00	0.00
20180711193659	-5900.00	-198000.00	0.00	0.00
20180711193700	-5900.00	-198000.00	0.00	0.00
20180711193701	-5800.00	99700.00	0.00	0.00
20180711193702	-5800.00	99700.00	0.00	0.00
20180711193703	-5900.00	97200.00	0.00	0.00
20180711193704	-5900.00	97200.00	0.00	0.00
20180711193705	-5900.00	103400.00	0.00	0.00
20180711193706	-5900.00	103400.00	0.00	0.00
20180711193707	-5900.00	107300.00	0.00	0.00
20180711193708	-5900.00	107300.00	0.00	0.00
20180711193709	-5800.00	109900.00	0.00	0.00
20180711193710	-5800.00	109900.00	0.00	0.00
20180711193711	-5900.00	111800.00	0.00	0.00
20180711193712	-5900.00	111800.00	0.00	0.00
20180711193713	-5900.00	112800.00	0.00	0.00
20180711193714	-5900.00	112800.00	0.00	0.00
20180711193715	-5900.00	112800.00	0.00	0.00
20180711193716	-5800.00	113300.00	0.00	0.00
20180711193717	-5800.00	113300.00	0.00	0.00
20180711193718	-5800.00	113800.00	0.00	0.00
20180711193719	-5800.00	113800.00	0.00	0.00
20180711193720	-5900.00	113900.00	0.00	0.00
20180711193721	-5900.00	113900.00	0.00	0.00
20180711193722	-5900.00	113900.00	0.00	0.00
20180711193723	-5900.00	113900.00	0.00	0.00
20180711193724	-5900.00	113900.00	0.00	0.00
20180711193725	-5900.00	113900.00	0.00	0.00
20180711193726	-5900.00	113900.00	0.00	0.00
20180711193727	-5800.00	114000.00	0.00	0.00
20180711193728	-5800.00	114000.00	0.00	0.00
20180711193729	-5900.00	113900.00	0.00	0.00
20180711193730	-5900.00	113900.00	0.00	0.00
20180711193731	-5900.00	113700.00	0.00	0.00
20180711193732	-5900.00	113700.00	0.00	0.00
20180711193733	-5800.00	113800.00	0.00	0.00
20180711193734	-5800.00	113800.00	0.00	0.00
20180711193735	-5900.00	114000.00	0.00	0.00
20180711193736	-5900.00	114000.00	0.00	0.00
20180711193737	-5900.00	113700.00	0.00	0.00
20180711193738	-5900.00	113700.00	0.00	0.00
20180711193739	-5900.00	113800.00	0.00	0.00
20180711193740	-5900.00	113800.00	0.00	0.00
20180711193741	-5900.00	113800.00	0.00	0.00
20180711193742	-5900.00	113700.00	0.00	0.00
20180711193743	-5900.00	113700.00	0.00	0.00
20180711193744	-5800.00	113500.00	0.00	0.00
20180711193745	-5800.00	113500.00	0.00	0.00
20180711193746	-5800.00	113500.00	0.00	0.00
20180711193747	-5800.00	113500.00	0.00	0.00
20180711193748	-5800.00	113600.00	0.00	0.00
20180711193749	-5800.00	113600.00	0.00	0.00
20180711193750	-5800.00	105600.00	0.00	0.00
20180711193751	-5800.00	105600.00	0.00	0.00
20180711193752	-5800.00	100100.00	0.00	0.00
20180711193753	-5800.00	100100.00	0.00	0.00
20180711193754	-5800.00	100100.00	0.00	0.00
20180711193755	-5800.00	263200.00	0.00	0.00
20180711193756	-5800.00	263200.00	0.00	0.00
20180711193757	-5800.00	369900.00	0.00	0.00
20180711193758	-5800.00	369900.00	0.00	0.00
20180711193759	-5900.00	372500.00	0.00	0.00
20180711193800	-5900.00	372500.00	0.00	0.00
20180711193801	-5900.00	372900.00	0.00	0.00
20180711193802	-5900.00	372900.00	0.00	0.00
20180711193803	-5900.00	372900.00	0.00	0.00
20180711193804	-5800.00	373400.00	0.00	0.00
20180711193805	-5800.00	373400.00	0.00	0.00
20180711193806	-5900.00	373800.00	0.00	0.00
20180711193807	-5900.00	373800.00	0.00	0.00
20180711193808	-5900.00	374000.00	0.00	0.00
20180711193809	-5900.00	374000.00	0.00	0.00
20180711193810	-5800.00	374400.00	0.00	0.00
20180711193811	-5800.00	374400.00	0.00	0.00
20180711193812	-5800.00	374400.00	0.00	0.00
20180711193813	-5800.00	374400.00	0.00	0.00
20180711193814	-5800.00	374400.00	0.00	0.00
20180711193815	-5800.00	374400.00	0.00	0.00
20180711193816	-5900.00	374800.00	0.00	0.00
20180711193817	-5900.00	374800.00	0.00	0.00
20180711193818	-5800.00	374600.00	0.00	0.00
20180711193819	-5800.00	374600.00	0.00	0.00
20180711193820	-5800.00	374600.00	0.00	0.00
20180711193821	-5800.00	374600.00	0.00	0.00
20180711193822	-5900.00	374800.00	0.00	0.00
20180711193823	-5900.00	374800.00	0.00	0.00
20180711193824	-5900.00	374800.00	0.00	0.00
20180711193825	-5900.00	374800.00	0.00	0.00
20180711193826	-5900.00	374800.00	0.00	0.00
20180711193827	-5900.00	374800.00	0.00	0.00
20180711193828	-5900.00	374800.00	0.00	0.00
20180711193829	-5900.00	375000.00	0.00	0.00
20180711193830	-5900.00	375000.00	0.00	0.00
20180711193831	-5900.00	374900.00	0.00	0.00
20180711193832	-5900.00	374900.00	0.00	0.00
20180711193833	-5900.00	374900.00	0.00	0.00
20180711193834	-5900.00	374800.00	0.00	0.00
20180711193835	-5900.00	374800.00	0.00	0.00
20180711193836	-5800.00	374800.00	0.00	0.00
20180711193837	-5800.00	374800.00	0.00	0.00
20180711193838	-5900.00	374800.00	0.00	0.00
20180711193839	-5900.00	374800.00	0.00	0.00
20180711193840	-5900.00	374800.00	0.00	0.00
20180711193841	-5900.00	374800.00	0.00	0.00
20180711193842	-5800.00	374800.00	0.00	0.00
20180711193843	-5800.00	374800.00	0.00	0.00
20180711193844	-5900.00	374800.00	0.00	0.00
20180711193845	-5900.00	374800.00	0.00	0.00
20180711193846	-5900.00	374800.00	0.00	0.00
20180711193847	-5800.00	374800.00	0.00	0.00
20180711193848	-5800.00	374800.00	0.00	0.00
20180711193849	-5800.00	374700.00	0.00	0.00
20180711193850	-5800.00	374700.00	0.00	0.00
20180711193851	-5800.00	374800.00	0.00	0.00
20180711193852	-5800.00	374800.00	0.00	0.00
20180711193853	-5800.00	375000.00	0.00	0.00
20180711193854	-5800.00	375000.00	0.00	0.00
20180711193855	-5800.00	374900.00	0.00	0.00
20180711193856	-5800.00	374900.00	0.00	0.00
20180711193857	-5800.00	374900.00	0.00	0.00
20180711193858	-5800.00	374900.00	0.00	0.00
20180711193859	-5900.00	375000.00	0.00	0.00
20180711193900	-5900.00	375000.00	0.00	0.00
20180711193901	-5800.00	375000.00	0.00	0.00
20180711193902	-5800.00	375000.00	0.00	0.00
20180711193903	-5800.00	375000.00	0.00	0.00
20180711193904	-5800.00	375000.00	0.00	0.00
20180711193905	-5800.00	375000.00	0.00	0.00
20180711193906	-5800.00	375000.00	0.00	0.00
20180711193907	-5800.00	375000.00	0.00	0.00
20180711193908	-5800.00	375000.00	0.00	0.00
20180711193909	-5800.00	375000.00	0.00	0.00
20180711193910	-5800.00	375000.00	0.00	0.00
20180711193911	-5800.00	375000.00	0.00	0.00
20180711193912	-5800.00	375000.00	0.00	0.00
20180711193913	-5800.00	374800.00	0.00	0.00
20180711193914	-5800.00	374800.00	0.00	0.00
20180711193915	-5800.00	375000.00	0.00	0.00
20180711193916	-5800.00	375000.00	0.00	0.00
20180711193917	-5800.00	375200.00	0.00	0.00
20180711193918	-5800.00	375200.00	0.00	0.00
20180711193919	-5800.00	375000.00	0.00	0.00
20180711193920	-5800.00	375000.00	0.00	0.00
20180711193921	-5800.00	375000.00	0.00	0.00
20180711193922	-5800.00	375000.00	0.00	0.00
20180711193923	-5800.00	375000.00	0.00	0.00
20180711193924	-5800.00	375000.00	0.00	0.00
20180711193925	-5800.00	375200.00	0.00	0.00
20180711193926	-5800.00	375200.00	0.00	0.00
20180711193927	-5800.00	375200.00	0.00	0.00
20180711193928	-5800.00	375200.00	0.00	0.00
20180711193929	-5800.00	375200.00	0.00	0.00
20180711193930	-5900.00	375200.00	0.00	0.00
20180711193931	-5900.00	375200.00	0.00	0.00
20180711193932	-5800.00	375200.00	0.00	0.00
20180711193933	-5800.00	375200.00	0.00	0.00
20180711193934	-5800.00	374900.00	0.00	0.00
20180711193935	-5800.00	374900.00	0.00	0.00
20180711193936	-5900.00	375000.00	0.00	0.00
20180711193937	-5900.00	375000.00	0.00	0.00
20180711193938	-5900.00	375000.00	0.00	0.00
20180711193939	-5900.00	375000.00	0.00	0.00
20180711193940	-5900.00	375000.00	0.00	0.00
20180711193941	-5900.00	350300.00	0.00	0.00
20180711193942	-5900.00	350300.00	0.00	0.00
20180711193943	-5800.00	271000.00	0.00	0.00
20180711193944	-5800.00	271000.00	0.00	0.00
20180711193945	-5800.00	272300.00	0.00	0.00
20180711193946	-5800.00	272300.00	0.00	0.00
20180711193947	-5800.00	272300.00	0.00	0.00
20180711193948	-5800.00	272300.00	0.00	0.00
20180711193949	-5800.00	272100.00	0.00	0.00
20180711193950	-5800.00	272100.00	0.00	0.00
20180711193951	-5800.00	272100.00	0.00	0.00
20180711193952	-5900.00	272200.00	0.00	0.00
20180711193953	-5900.00	272200.00	0.00	0.00
20180711193954	-5800.00	271900.00	0.00	0.00
20180711193955	-5800.00	271900.00	0.00	0.00
20180711193956	-5800.00	271800.00	0.00	0.00
20180711193957	-5800.00	271800.00	0.00	0.00
20180711193958	-5900.00	271900.00	0.00	0.00
20180711193959	-5900.00	271900.00	0.00	0.00
20180711194000	-5800.00	271700.00	0.00	0.00
20180711194001	-5800.00	271700.00	0.00	0.00
20180711194002	-5800.00	271800.00	0.00	0.00
20180711194003	-5800.00	271800.00	0.00	0.00
20180711194004	-5800.00	271700.00	0.00	0.00
20180711194005	-5800.00	271700.00	0.00	0.00
20180711194006	-5800.00	271500.00	0.00	0.00
20180711194007	-5800.00	271500.00	0.00	0.00
20180711194008	-5800.00	271500.00	0.00	0.00
20180711194009	-5800.00	271500.00	0.00	0.00
20180711194010	-5800.00	271500.00	0.00	0.00
20180711194011	-5800.00	271800.00	0.00	0.00
20180711194012	-5800.00	271800.00	0.00	0.00
20180711194013	-5800.00	271600.00	0.00	0.00
20180711194014	-5800.00	271600.00	0.00	0.00
20180711194015	-5800.00	271600.00	0.00	0.00
20180711194016	-5800.00	271600.00	0.00	0.00
20180711194017	-5800.00	271600.00	0.00	0.00
20180711194018	-5800.00	271600.00	0.00	0.00
20180711194019	-5800.00	271600.00	0.00	0.00
20180711194020	-5800.00	271800.00	0.00	0.00
20180711194021	-5800.00	271800.00	0.00	0.00
20180711194022	-5800.00	271600.00	0.00	0.00
20180711194023	-5800.00	271600.00	0.00	0.00
20180711194024	-5800.00	271600.00	0.00	0.00
20180711194025	-5800.00	271600.00	0.00	0.00
20180711194026	-5800.00	271500.00	0.00	0.00
20180711194027	-5800.00	271500.00	0.00	0.00
20180711194028	-5800.00	271700.00	0.00	0.00
20180711194029	-5800.00	271700.00	0.00	0.00
20180711194030	-5900.00	271600.00	0.00	0.00
20180711194031	-5900.00	271600.00	0.00	0.00
20180711194032	-5800.00	271700.00	0.00	0.00
20180711194033	-5800.00	271700.00	0.00	0.00
20180711194034	-5800.00	271700.00	0.00	0.00
20180711194035	-5800.00	271800.00	0.00	0.00
20180711194036	-5800.00	271800.00	0.00	0.00
20180711194037	-5800.00	271600.00	0.00	0.00
20180711194038	-5800.00	271600.00	0.00	0.00
20180711194039	-5900.00	271800.00	0.00	0.00
20180711194040	-5900.00	271800.00	0.00	0.00
20180711194041	-5800.00	271800.00	0.00	0.00
20180711194042	-5800.00	271800.00	0.00	0.00
20180711194043	-5800.00	271700.00	0.00	0.00
20180711194044	-5800.00	271700.00	0.00	0.00
20180711194045	-5800.00	271700.00	0.00	0.00
20180711194046	-5800.00	271700.00	0.00	0.00
20180711194047	-5900.00	271700.00	0.00	0.00
20180711194048	-5900.00	271700.00	0.00	0.00
20180711194049	-5900.00	271700.00	0.00	0.00
20180711194050	-5800.00	271700.00	0.00	0.00
20180711194051	-5800.00	271700.00	0.00	0.00
20180711194052	-5900.00	271700.00	0.00	0.00
20180711194053	-5900.00	271700.00	0.00	0.00
20180711194054	-5800.00	271700.00	0.00	0.00
20180711194055	-5800.00	271700.00	0.00	0.00
20180711194056	-5800.00	271800.00	0.00	0.00
20180711194057	-5800.00	271800.00	0.00	0.00
20180711194058	-5800.00	271800.00	0.00	0.00
20180711194059	-5700.00	271700.00	0.00	0.00
20180711194100	-5700.00	271700.00	0.00	0.00
20180711194101	-5800.00	271800.00	0.00	0.00
20180711194102	-5800.00	271800.00	0.00	0.00
20180711194103	-5800.00	271700.00	0.00	0.00
20180711194104	-5800.00	271700.00	0.00	0.00
20180711194105	-5800.00	271700.00	0.00	0.00
20180711194106	-5800.00	271700.00	0.00	0.00
20180711194107	-5800.00	271700.00	0.00	0.00
20180711194108	-5800.00	271700.00	0.00	0.00
20180711194109	-5800.00	271800.00	0.00	0.00
20180711194110	-5800.00	271800.00	0.00	0.00
20180711194111	-5800.00	271700.00	0.00	0.00
20180711194112	-5800.00	271700.00	0.00	0.00
20180711194113	-5900.00	271900.00	0.00	0.00
20180711194114	-5900.00	271900.00	0.00	0.00
20180711194115	-5800.00	271800.00	0.00	0.00
20180711194116	-5800.00	271800.00	0.00	0.00
20180711194117	-5800.00	271800.00	0.00	0.00
20180711194118	-5900.00	271900.00	0.00	0.00
20180711194119	-5900.00	271900.00	0.00	0.00
20180711194120	-5800.00	271900.00	0.00	0.00
20180711194121	-5800.00	271900.00	0.00	0.00
20180711194122	-5800.00	272000.00	0.00	0.00
20180711194123	-5800.00	272000.00	0.00	0.00
20180711194124	-5800.00	271700.00	0.00	0.00
20180711194125	-5800.00	271700.00	0.00	0.00
20180711194126	-5800.00	271700.00	0.00	0.00
20180711194127	-5800.00	271700.00	0.00	0.00
20180711194128	-5800.00	271700.00	0.00	0.00
20180711194129	-5800.00	271700.00	0.00	0.00
20180711194130	-5800.00	271700.00	0.00	0.00
20180711194131	-5800.00	271800.00	0.00	0.00
20180711194132	-5800.00	271800.00	0.00	0.00
20180711194133	-5800.00	271700.00	0.00	0.00
20180711194134	-5800.00	271700.00	0.00	0.00
20180711194135	-5800.00	271800.00	0.00	0.00
20180711194136	-5800.00	271800.00	0.00	0.00
20180711194137	-5800.00	272000.00	0.00	0.00
20180711194138	-5800.00	272000.00	0.00	0.00
20180711194139	-5800.00	272000.00	0.00	0.00
20180711194140	-5900.00	271900.00	0.00	0.00
20180711194141	-5900.00	271900.00	0.00	0.00
20180711194142	-5900.00	271900.00	0.00	0.00
20180711194143	-5900.00	271900.00	0.00	0.00
20180711194144	-5800.00	271900.00	0.00	0.00
20180711194145	-5800.00	271900.00	0.00	0.00
20180711194146	-5800.00	272000.00	0.00	0.00
20180711194147	-5800.00	272000.00	0.00	0.00
20180711194148	-5800.00	271900.00	0.00	0.00
20180711194149	-5800.00	271900.00	0.00	0.00
20180711194150	-5800.00	272000.00	0.00	0.00
20180711194151	-5800.00	272000.00	0.00	0.00
20180711194152	-5900.00	271900.00	0.00	0.00
20180711194153	-5900.00	271900.00	0.00	0.00
20180711194154	-5800.00	272200.00	0.00	0.00
20180711194155	-5800.00	272200.00	0.00	0.00
20180711194156	-5900.00	272100.00	0.00	0.00
20180711194157	-5900.00	272100.00	0.00	0.00
20180711194158	-5900.00	272100.00	0.00	0.00
20180711194159	-5800.00	272100.00	0.00	0.00
20180711194200	-5800.00	272100.00	0.00	0.00
20180711194201	-5800.00	272200.00	0.00	0.00
20180711194202	-5800.00	272200.00	0.00	0.00
20180711194203	-5800.00	272000.00	0.00	0.00
20180711194204	-5800.00	272000.00	0.00	0.00
20180711194205	-5800.00	272000.00	0.00	0.00
20180711194206	-5900.00	271900.00	0.00	0.00
20180711194207	-5900.00	271900.00	0.00	0.00
20180711194208	-6200.00	272100.00	0.00	0.00
20180711194209	-6200.00	272100.00	0.00	0.00
20180711194210	-6100.00	272100.00	0.00	0.00
20180711194211	-6100.00	272100.00	0.00	0.00
20180711194212	-5800.00	271900.00	0.00	0.00
20180711194213	-5800.00	271900.00	0.00	0.00
20180711194214	-5800.00	272100.00	0.00	0.00
20180711194215	-5800.00	272100.00	0.00	0.00
20180711194216	-5900.00	272200.00	0.00	0.00
20180711194217	-5900.00	272200.00	0.00	0.00
20180711194218	-5900.00	272000.00	0.00	0.00
20180711194219	-5900.00	272000.00	0.00	0.00
20180711194220	-5900.00	272000.00	0.00	0.00
20180711194221	-5900.00	272000.00	0.00	0.00
20180711194222	-5900.00	272000.00	0.00	0.00
20180711194223	-5900.00	272000.00	0.00	0.00
20180711194224	-5900.00	272000.00	0.00	0.00
20180711194225	-5900.00	272100.00	0.00	0.00
20180711194226	-5900.00	272100.00	0.00	0.00
20180711194227	-5900.00	272100.00	0.00	0.00
20180711194228	-5900.00	272100.00	0.00	0.00
20180711194229	-5900.00	272000.00	0.00	0.00
20180711194230	-5900.00	272000.00	0.00	0.00
20180711194231	-5900.00	272100.00	0.00	0.00
20180711194232	-5900.00	272100.00	0.00	0.00
20180711194233	-5900.00	272200.00	0.00	0.00
20180711194234	-5900.00	272200.00	0.00	0.00
20180711194235	-5900.00	44400.00	0.00	0.00
20180711194236	-5900.00	44400.00	0.00	0.00
20180711194237	-5900.00	44400.00	0.00	0.00
20180711194238	-198000.00	11000.00	0.00	0.00
20180711194239	-198000.00	11000.00	0.00	0.00
20180711194240	-198000.00	5300.00	0.00	0.00
20180711194241	-198000.00	5300.00	0.00	0.00
20180711194242	-198000.00	4400.00	0.00	0.00
20180711194243	-198000.00	4400.00	0.00	0.00
20180711194244	-198000.00	4000.00	0.00	0.00
20180711194245	-198000.00	4000.00	0.00	0.00
20180711194246	-198000.00	4000.00	0.00	0.00
20180711194247	101600.00	99500.00	0.00	0.00
20180711194248	101600.00	99500.00	0.00	0.00
20180711194249	99600.00	103600.00	0.00	0.00
20180711194250	99600.00	103600.00	0.00	0.00
20180711194251	98200.00	85000.00	0.00	0.00
20180711194252	98200.00	85000.00	0.00	0.00
20180711194253	88100.00	97000.00	0.00	0.00
20180711194254	88100.00	97000.00	0.00	0.00
20180711194255	92700.00	98500.00	0.00	0.00
20180711194256	92700.00	98500.00	0.00	0.00
20180711194257	94100.00	97500.00	0.00	0.00
20180711194258	94100.00	97500.00	0.00	0.00
20180711194259	94200.00	96900.00	0.00	0.00
20180711194300	94200.00	96900.00	0.00	0.00
20180711194301	94000.00	96500.00	0.00	0.00
20180711194302	94000.00	96500.00	0.00	0.00
20180711194303	93300.00	95800.00	0.00	0.00
20180711194304	93300.00	95800.00	0.00	0.00
20180711194305	93300.00	95800.00	0.00	0.00
20180711194306	93000.00	95400.00	0.00	0.00
20180711194307	93000.00	95400.00	0.00	0.00
20180711194308	92200.00	94800.00	0.00	0.00
20180711194309	92200.00	94800.00	0.00	0.00
20180711194310	91800.00	94500.00	0.00	0.00
20180711194311	91800.00	94500.00	0.00	0.00
20180711194312	91400.00	94300.00	0.00	0.00
20180711194313	91400.00	94300.00	0.00	0.00
20180711194314	91100.00	93800.00	0.00	0.00
20180711194315	91100.00	93800.00	0.00	0.00
20180711194316	91100.00	93800.00	0.00	0.00
20180711194317	90900.00	93700.00	0.00	0.00
20180711194318	90900.00	93700.00	0.00	0.00
20180711194319	90400.00	93300.00	0.00	0.00
20180711194320	90400.00	93300.00	0.00	0.00
20180711194321	90300.00	93000.00	0.00	0.00
20180711194322	90300.00	93000.00	0.00	0.00
20180711194323	90100.00	92900.00	0.00	0.00
20180711194324	90100.00	92900.00	0.00	0.00
20180711194325	89600.00	92700.00	0.00	0.00
20180711194326	89600.00	92700.00	0.00	0.00
20180711194327	89600.00	92700.00	0.00	0.00
20180711194328	89500.00	92500.00	0.00	0.00
20180711194329	89500.00	92500.00	0.00	0.00
20180711194330	89200.00	92100.00	0.00	0.00
20180711194331	89200.00	92100.00	0.00	0.00
20180711194332	89100.00	92100.00	0.00	0.00
20180711194333	89100.00	92100.00	0.00	0.00
20180711194334	88800.00	91900.00	0.00	0.00
20180711194335	88800.00	91900.00	0.00	0.00
20180711194336	88700.00	91700.00	0.00	0.00
20180711194337	88700.00	91700.00	0.00	0.00
20180711194338	88500.00	91500.00	0.00	0.00
20180711194339	88500.00	91500.00	0.00	0.00
20180711194340	88300.00	91300.00	0.00	0.00
20180711194341	88300.00	91300.00	0.00	0.00
20180711194342	88100.00	91300.00	0.00	0.00
20180711194343	88100.00	91300.00	0.00	0.00
20180711194344	88100.00	91100.00	0.00	0.00
20180711194345	88100.00	91100.00	0.00	0.00
20180711194346	88100.00	91100.00	0.00	0.00
20180711194347	87900.00	90900.00	0.00	0.00
20180711194348	87900.00	90900.00	0.00	0.00
20180711194349	87900.00	90700.00	0.00	0.00
20180711194350	87900.00	90700.00	0.00	0.00
20180711194351	87700.00	90600.00	0.00	0.00
20180711194352	87700.00	90600.00	0.00	0.00
20180711194353	87500.00	90500.00	0.00	0.00
20180711194354	87500.00	90500.00	0.00	0.00
20180711194355	87500.00	90500.00	0.00	0.00
20180711194356	87400.00	90300.00	0.00	0.00
20180711194357	87400.00	90300.00	0.00	0.00
20180711194358	87300.00	90300.00	0.00	0.00
20180711194359	87300.00	90300.00	0.00	0.00
20180711194400	87200.00	90100.00	0.00	0.00
20180711194401	87200.00	90100.00	0.00	0.00
20180711194402	86900.00	90100.00	0.00	0.00
20180711194403	86900.00	90100.00	0.00	0.00
20180711194404	87000.00	89900.00	0.00	0.00
20180711194405	87000.00	89900.00	0.00	0.00
20180711194406	86700.00	89700.00	0.00	0.00
20180711194407	86700.00	89700.00	0.00	0.00
20180711194408	86800.00	89700.00	0.00	0.00
20180711194409	86800.00	89700.00	0.00	0.00
20180711194410	86800.00	89700.00	0.00	0.00
20180711194411	86700.00	89700.00	0.00	0.00
20180711194412	86700.00	89700.00	0.00	0.00
20180711194413	86500.00	89500.00	0.00	0.00
20180711194414	86500.00	89500.00	0.00	0.00
20180711194415	86500.00	89300.00	0.00	0.00
20180711194416	86500.00	89300.00	0.00	0.00
20180711194417	86300.00	89300.00	0.00	0.00
20180711194418	86300.00	89300.00	0.00	0.00
20180711194419	86400.00	89100.00	0.00	0.00
20180711194420	86400.00	89100.00	0.00	0.00
20180711194421	86100.00	89000.00	0.00	0.00
20180711194422	86100.00	89000.00	0.00	0.00
20180711194423	86100.00	89000.00	0.00	0.00
20180711194424	86100.00	88900.00	0.00	0.00
20180711194425	86100.00	88900.00	0.00	0.00
20180711194426	86200.00	88900.00	0.00	0.00
20180711194427	86200.00	88900.00	0.00	0.00
20180711194428	85900.00	88900.00	0.00	0.00
20180711194429	85900.00	88900.00	0.00	0.00
20180711194430	86000.00	88800.00	0.00	0.00
20180711194431	86000.00	88800.00	0.00	0.00
20180711194432	86000.00	88600.00	0.00	0.00
20180711194433	86000.00	88600.00	0.00	0.00
20180711194434	86000.00	88600.00	0.00	0.00
20180711194435	85800.00	88500.00	0.00	0.00
20180711194436	85800.00	88500.00	0.00	0.00
20180711194437	85800.00	88600.00	0.00	0.00
20180711194438	85800.00	88600.00	0.00	0.00
20180711194439	85700.00	88500.00	0.00	0.00
20180711194440	85700.00	88500.00	0.00	0.00
20180711194441	85600.00	88400.00	0.00	0.00
20180711194442	85600.00	88400.00	0.00	0.00
20180711194443	85600.00	88200.00	0.00	0.00
20180711194444	85600.00	88200.00	0.00	0.00
20180711194445	85500.00	88200.00	0.00	0.00
20180711194446	85500.00	88200.00	0.00	0.00
20180711194447	85400.00	88200.00	0.00	0.00
20180711194448	85400.00	88200.00	0.00	0.00
20180711194449	85300.00	88100.00	0.00	0.00
20180711194450	85300.00	88100.00	0.00	0.00
20180711194451	85400.00	87900.00	0.00	0.00
20180711194452	85400.00	87900.00	0.00	0.00
20180711194453	85400.00	87900.00	0.00	0.00
20180711194454	85100.00	88000.00	0.00	0.00
20180711194455	85100.00	88000.00	0.00	0.00
20180711194456	49500.00	259200.00	0.00	0.00
20180711194457	49500.00	259200.00	0.00	0.00
20180711194458	18100.00	268800.00	0.00	0.00
20180711194459	18100.00	268800.00	0.00	0.00
20180711194500	6600.00	268700.00	0.00	0.00
20180711194501	6600.00	268700.00	0.00	0.00
20180711194502	2300.00	269000.00	0.00	0.00
20180711194503	2300.00	269000.00	0.00	0.00
20180711194504	2300.00	269000.00	0.00	0.00
20180711194505	500.00	269000.00	0.00	0.00
20180711194506	500.00	269000.00	0.00	0.00
20180711194507	-100.00	269100.00	0.00	0.00
20180711194508	-100.00	269100.00	0.00	0.00
20180711194509	-200.00	269400.00	0.00	0.00
20180711194510	-200.00	269400.00	0.00	0.00
20180711194511	-500.00	269400.00	0.00	0.00
20180711194512	-500.00	269400.00	0.00	0.00
20180711194513	-500.00	269400.00	0.00	0.00
20180711194514	-500.00	269400.00	0.00	0.00
20180711194515	-500.00	269400.00	0.00	0.00
20180711194516	-500.00	269600.00	0.00	0.00
20180711194517	-500.00	269600.00	0.00	0.00
20180711194518	-400.00	269300.00	0.00	0.00
20180711194519	-400.00	269300.00	0.00	0.00
20180711194520	-500.00	269600.00	0.00	0.00
20180711194521	-500.00	269600.00	0.00	0.00
20180711194522	-400.00	269500.00	0.00	0.00
20180711194523	-400.00	269500.00	0.00	0.00
20180711194524	-400.00	269500.00	0.00	0.00
20180711194525	-400.00	269500.00	0.00	0.00
20180711194526	-500.00	269600.00	0.00	0.00
20180711194527	-500.00	269600.00	0.00	0.00
20180711194528	-500.00	269500.00	0.00	0.00
20180711194529	-500.00	269500.00	0.00	0.00
20180711194530	-400.00	269600.00	0.00	0.00
20180711194531	-400.00	269600.00	0.00	0.00
20180711194532	-400.00	269600.00	0.00	0.00
20180711194533	-500.00	269600.00	0.00	0.00
20180711194534	-500.00	269600.00	0.00	0.00
20180711194535	-300.00	269500.00	0.00	0.00
20180711194536	-300.00	269500.00	0.00	0.00
20180711194537	-300.00	269600.00	0.00	0.00
20180711194538	-300.00	269600.00	0.00	0.00
20180711194539	-200.00	269600.00	0.00	0.00
20180711194540	-200.00	269600.00	0.00	0.00
20180711194541	-300.00	269500.00	0.00	0.00
20180711194542	-300.00	269500.00	0.00	0.00
20180711194543	-300.00	269500.00	0.00	0.00
20180711194544	-200.00	269600.00	0.00	0.00
20180711194545	-200.00	269600.00	0.00	0.00
20180711194546	-200.00	269600.00	0.00	0.00
20180711194547	-200.00	269600.00	0.00	0.00
20180711194548	-200.00	269600.00	0.00	0.00
20180711194549	-200.00	269600.00	0.00	0.00
20180711194550	-200.00	269500.00	0.00	0.00
20180711194551	-200.00	269500.00	0.00	0.00
20180711194552	-300.00	269600.00	0.00	0.00
20180711194553	-300.00	269600.00	0.00	0.00
20180711194554	-200.00	269600.00	0.00	0.00
20180711194555	-200.00	269600.00	0.00	0.00
20180711194556	-300.00	269600.00	0.00	0.00
20180711194557	-300.00	269600.00	0.00	0.00
20180711194558	-300.00	269600.00	0.00	0.00
20180711194559	-300.00	269600.00	0.00	0.00
20180711194600	-300.00	269600.00	0.00	0.00
20180711194601	-300.00	269600.00	0.00	0.00
20180711194602	-300.00	269600.00	0.00	0.00
20180711194603	-300.00	269600.00	0.00	0.00
20180711194604	-300.00	269600.00	0.00	0.00
20180711194605	-300.00	269500.00	0.00	0.00
20180711194606	-300.00	269500.00	0.00	0.00
20180711194607	-300.00	269600.00	0.00	0.00
20180711194608	-300.00	269600.00	0.00	0.00
20180711194609	-300.00	269500.00	0.00	0.00
20180711194610	-300.00	269500.00	0.00	0.00
20180711194611	-300.00	269500.00	0.00	0.00
20180711194612	-200.00	269600.00	0.00	0.00
20180711194613	-200.00	269600.00	0.00	0.00
20180711194614	-300.00	269400.00	0.00	0.00
20180711194615	-300.00	269400.00	0.00	0.00
20180711194616	-300.00	269600.00	0.00	0.00
20180711194617	-300.00	269600.00	0.00	0.00
20180711194618	-300.00	43130.00	0.00	0.00
20180711194619	-300.00	43130.00	0.00	0.00
20180711194620	-300.00	43110.00	0.00	0.00
20180711194621	-300.00	43110.00	0.00	0.00
20180711194622	-300.00	43110.00	0.00	0.00
20180711194623	-300.00	43130.00	0.00	0.00
20180711194624	-300.00	43130.00	0.00	0.00
20180711194625	-300.00	43130.00	0.00	0.00
20180711194626	-300.00	43130.00	0.00	0.00
20180711194627	0.00	43130.00	0.00	0.00
20180711194628	0.00	43130.00	0.00	0.00
20180711194629	0.00	43130.00	0.00	0.00
20180711194630	0.00	43130.00	0.00	0.00
20180711194631	-100.00	43140.00	0.00	0.00
20180711194632	-100.00	43140.00	0.00	0.00
20180711194633	-100.00	43130.00	0.00	0.00
20180711194634	-100.00	43130.00	0.00	0.00
20180711194635	0.00	43120.00	0.00	0.00
20180711194636	0.00	43120.00	0.00	0.00
20180711194637	-100.00	43130.00	0.00	0.00
20180711194638	-100.00	43130.00	0.00	0.00
20180711194639	0.00	43100.00	0.00	0.00
20180711194640	0.00	43100.00	0.00	0.00
20180711194641	0.00	43100.00	0.00	0.00
20180711194642	0.00	43130.00	0.00	0.00
20180711194643	0.00	43130.00	0.00	0.00
20180711194644	0.00	43130.00	0.00	0.00
20180711194645	0.00	43130.00	0.00	0.00
20180711194646	0.00	43130.00	0.00	0.00
20180711194647	0.00	43130.00	0.00	0.00
20180711194648	-100.00	43130.00	0.00	0.00
20180711194649	-100.00	43130.00	0.00	0.00
20180711194650	0.00	43110.00	0.00	0.00
20180711194651	0.00	43110.00	0.00	0.00
20180711194652	0.00	43110.00	0.00	0.00
20180711194653	0.00	43130.00	0.00	0.00
20180711194654	0.00	43130.00	0.00	0.00
20180711194655	-100.00	43130.00	0.00	0.00
20180711194656	-100.00	43130.00	0.00	0.00
20180711194657	0.00	43130.00	0.00	0.00
20180711194658	0.00	43130.00	0.00	0.00
20180711194659	0.00	43110.00	0.00	0.00
20180711194700	0.00	43110.00	0.00	0.00
20180711194701	0.00	43130.00	0.00	0.00
20180711194702	0.00	43130.00	0.00	0.00
20180711194703	0.00	43130.00	0.00	0.00
20180711194704	0.00	43130.00	0.00	0.00
20180711194705	0.00	43130.00	0.00	0.00
20180711194706	-20.00	43130.00	0.00	0.00
20180711194707	-20.00	43130.00	0.00	0.00
20180711194708	-20.00	43130.00	0.00	0.00
20180711194709	-20.00	43130.00	0.00	0.00
20180711194710	-20.00	43130.00	0.00	0.00
20180711194711	-20.00	43130.00	0.00	0.00
20180711194712	-20.00	43100.00	0.00	0.00
20180711194713	-20.00	43100.00	0.00	0.00
20180711194714	0.00	43120.00	0.00	0.00
20180711194715	0.00	43120.00	0.00	0.00
20180711194716	0.00	43140.00	0.00	0.00
20180711194717	0.00	43140.00	0.00	0.00
20180711194718	0.00	43130.00	0.00	0.00
20180711194719	0.00	43130.00	0.00	0.00
20180711194720	0.00	43130.00	0.00	0.00
20180711194721	0.00	36900.00	0.00	0.00
20180711194722	0.00	36900.00	0.00	0.00
20180711194723	6620.00	13800.00	0.00	0.00
20180711194724	6620.00	13800.00	0.00	0.00
20180711194725	10400.00	12900.00	0.00	0.00
20180711194726	10400.00	12900.00	0.00	0.00
20180711194727	12200.00	13000.00	0.00	0.00
20180711194728	12200.00	13000.00	0.00	0.00
20180711194729	12800.00	13400.00	0.00	0.00
20180711194730	12800.00	13400.00	0.00	0.00
20180711194731	12800.00	13400.00	0.00	0.00
20180711194732	13200.00	13500.00	0.00	0.00
20180711194733	13200.00	13500.00	0.00	0.00
20180711194734	13300.00	13500.00	0.00	0.00
20180711194735	13300.00	13500.00	0.00	0.00
20180711194736	13400.00	13400.00	0.00	0.00
20180711194737	13400.00	13400.00	0.00	0.00
20180711194738	13500.00	13500.00	0.00	0.00
20180711194739	13500.00	13500.00	0.00	0.00
20180711194740	13300.00	13200.00	0.00	0.00
20180711194741	13300.00	13200.00	0.00	0.00
20180711194742	12900.00	13100.00	0.00	0.00
20180711194743	12900.00	13100.00	0.00	0.00
20180711194744	12900.00	13300.00	0.00	0.00
20180711194745	12900.00	13300.00	0.00	0.00
20180711194746	12900.00	13300.00	0.00	0.00
20180711194747	13000.00	13300.00	0.00	0.00
20180711194748	13000.00	13300.00	0.00	0.00
20180711194749	13000.00	13300.00	0.00	0.00
20180711194750	13000.00	13300.00	0.00	0.00
20180711194751	13000.00	13300.00	0.00	0.00
20180711194752	13000.00	13300.00	0.00	0.00
20180711194753	13000.00	13300.00	0.00	0.00
20180711194754	13000.00	13300.00	0.00	0.00
20180711194755	13000.00	13300.00	0.00	0.00
20180711194756	13000.00	13300.00	0.00	0.00
20180711194757	13000.00	13300.00	0.00	0.00
20180711194758	13000.00	13300.00	0.00	0.00
20180711194759	13000.00	13300.00	0.00	0.00
20180711194800	13000.00	13300.00	0.00	0.00
20180711194801	13000.00	13300.00	0.00	0.00
20180711194802	13000.00	13300.00	0.00	0.00
20180711194803	13000.00	13300.00	0.00	0.00
20180711194804	13000.00	13300.00	0.00	0.00
20180711194805	13000.00	13300.00	0.00	0.00
20180711194806	13000.00	13300.00	0.00	0.00
20180711194807	13000.00	13300.00	0.00	0.00
20180711194808	13000.00	13300.00	0.00	0.00
20180711194809	13000.00	13300.00	0.00	0.00
20180711194810	13000.00	13300.00	0.00	0.00
20180711194811	13000.00	13300.00	0.00	0.00
20180711194812	13000.00	13300.00	0.00	0.00
20180711194813	13000.00	13300.00	0.00	0.00
20180711194814	13000.00	13300.00	0.00	0.00
20180711194815	13000.00	13300.00	0.00	0.00
20180711194816	13000.00	13300.00	0.00	0.00
20180711194817	13000.00	13300.00	0.00	0.00
20180711194818	13000.00	13300.00	0.00	0.00
20180711194819	13000.00	13300.00	0.00	0.00
20180711194820	13000.00	13300.00	0.00	0.00
20180711194821	13000.00	13300.00	0.00	0.00
20180711194822	13000.00	13300.00	0.00	0.00
20180711194823	13000.00	13300.00	0.00	0.00
20180711194824	13000.00	13300.00	0.00	0.00
20180711194825	14000.00	11200.00	0.00	0.00
20180711194826	14000.00	11200.00	0.00	0.00
20180711194827	12600.00	12900.00	0.00	0.00
20180711194828	12600.00	12900.00	0.00	0.00
20180711194829	12600.00	12900.00	0.00	0.00
20180711194830	12600.00	12900.00	0.00	0.00
20180711194831	12600.00	12900.00	0.00	0.00
20180711194832	12400.00	12400.00	0.00	0.00
20180711194833	12400.00	12400.00	0.00	0.00
20180711194834	5890.00	6670.00	0.00	0.00
20180711194835	5890.00	6670.00	0.00	0.00
20180711194836	5880.00	6420.00	0.00	0.00
20180711194837	5880.00	6420.00	0.00	0.00
20180711194838	5880.00	6420.00	0.00	0.00
20180711194839	5890.00	6400.00	0.00	0.00
20180711194840	5890.00	6400.00	0.00	0.00
20180711194841	5880.00	6380.00	0.00	0.00
20180711194842	5880.00	6380.00	0.00	0.00
20180711194843	5900.00	6390.00	0.00	0.00
20180711194844	5900.00	6390.00	0.00	0.00
20180711194845	5890.00	6380.00	0.00	0.00
20180711194846	5890.00	6380.00	0.00	0.00
20180711194847	5870.00	6390.00	0.00	0.00
20180711194848	5870.00	6390.00	0.00	0.00
20180711194849	5890.00	6390.00	0.00	0.00
20180711194850	5890.00	6390.00	0.00	0.00
20180711194851	5890.00	6390.00	0.00	0.00
20180711194852	5870.00	6390.00	0.00	0.00
20180711194853	5870.00	6390.00	0.00	0.00
20180711194854	5880.00	6350.00	0.00	0.00
20180711194855	5880.00	6350.00	0.00	0.00
20180711194856	7690.00	11500.00	0.00	0.00
20180711194857	7690.00	11500.00	0.00	0.00
20180711194858	10700.00	12900.00	0.00	0.00
20180711194859	10700.00	12900.00	0.00	0.00
20180711194900	11800.00	12800.00	0.00	0.00
20180711194901	11800.00	12800.00	0.00	0.00
20180711194902	12300.00	12800.00	0.00	0.00
20180711194903	12300.00	12800.00	0.00	0.00
20180711194904	12400.00	12800.00	0.00	0.00
20180711194905	12400.00	12800.00	0.00	0.00
20180711194906	12400.00	12800.00	0.00	0.00
20180711194907	12500.00	12800.00	0.00	0.00
20180711194908	12500.00	12800.00	0.00	0.00
20180711194909	12500.00	12800.00	0.00	0.00
20180711194910	12500.00	12800.00	0.00	0.00
20180711194911	12500.00	12800.00	0.00	0.00
20180711194912	12500.00	12800.00	0.00	0.00
20180711194913	12500.00	12800.00	0.00	0.00
20180711194914	12500.00	12800.00	0.00	0.00
20180711194915	12500.00	12800.00	0.00	0.00
20180711194916	12500.00	12800.00	0.00	0.00
20180711194917	12500.00	12800.00	0.00	0.00
20180711194918	12500.00	12800.00	0.00	0.00
20180711194919	12500.00	12800.00	0.00	0.00
20180711194920	12500.00	12800.00	0.00	0.00
20180711194921	12500.00	12800.00	0.00	0.00
20180711194922	12500.00	12800.00	0.00	0.00
20180711194923	12500.00	12800.00	0.00	0.00
20180711194924	12500.00	12800.00	0.00	0.00
20180711194925	12500.00	12800.00	0.00	0.00
20180711194926	12500.00	12800.00	0.00	0.00
20180711194927	12500.00	12800.00	0.00	0.00
20180711194928	12500.00	12800.00	0.00	0.00
20180711194929	12500.00	12800.00	0.00	0.00
20180711194930	12400.00	12800.00	0.00	0.00
20180711194931	12400.00	12800.00	0.00	0.00
20180711194932	12400.00	12800.00	0.00	0.00
20180711194933	12400.00	12800.00	0.00	0.00
20180711194934	12400.00	12800.00	0.00	0.00
20180711194935	12400.00	12800.00	0.00	0.00
20180711194936	12400.00	12800.00	0.00	0.00
20180711194937	12400.00	12800.00	0.00	0.00
20180711194938	12400.00	12800.00	0.00	0.00
20180711194939	12400.00	12800.00	0.00	0.00
20180711194940	12400.00	12800.00	0.00	0.00
20180711194941	12400.00	12800.00	0.00	0.00
20180711194942	12400.00	12800.00	0.00	0.00
20180711194943	12400.00	12800.00	0.00	0.00
20180711194944	12400.00	12800.00	0.00	0.00
20180711194945	12400.00	12800.00	0.00	0.00
20180711194946	12400.00	12800.00	0.00	0.00
20180711194947	12400.00	12800.00	0.00	0.00
20180711194948	12400.00	12700.00	0.00	0.00
20180711194949	12400.00	12700.00	0.00	0.00
20180711194950	12400.00	12700.00	0.00	0.00
20180711194951	12400.00	12700.00	0.00	0.00
20180711194952	12400.00	12800.00	0.00	0.00
20180711194953	12400.00	12800.00	0.00	0.00
20180711194954	12400.00	12700.00	0.00	0.00
20180711194955	12400.00	12700.00	0.00	0.00
20180711194956	12400.00	12700.00	0.00	0.00
20180711194957	12400.00	12700.00	0.00	0.00
20180711194958	12400.00	12700.00	0.00	0.00
20180711194959	12400.00	12700.00	0.00	0.00
20180711195000	12400.00	12700.00	0.00	0.00
20180711195001	12400.00	12700.00	0.00	0.00
20180711195002	12400.00	12700.00	0.00	0.00
20180711195003	12400.00	12700.00	0.00	0.00
20180711195004	12400.00	12700.00	0.00	0.00
20180711195005	12400.00	12700.00	0.00	0.00
20180711195006	12400.00	12700.00	0.00	0.00
20180711195007	12400.00	12700.00	0.00	0.00
20180711195008	12400.00	12700.00	0.00	0.00
20180711195009	12400.00	12700.00	0.00	0.00
20180711195010	12400.00	12700.00	0.00	0.00
20180711195011	12400.00	12700.00	0.00	0.00
20180711195012	12400.00	12700.00	0.00	0.00
20180711195013	12400.00	12700.00	0.00	0.00
20180711195014	12400.00	12700.00	0.00	0.00
20180711195015	12400.00	12700.00	0.00	0.00
20180711195016	12400.00	12700.00	0.00	0.00
20180711195017	12400.00	12700.00	0.00	0.00
20180711195018	12400.00	12700.00	0.00	0.00
20180711195019	12400.00	12700.00	0.00	0.00
20180711195020	12400.00	12700.00	0.00	0.00
20180711195021	12400.00	12700.00	0.00	0.00
20180711195022	12400.00	12700.00	0.00	0.00
20180711195023	12400.00	12700.00	0.00	0.00
20180711195024	12400.00	12700.00	0.00	0.00
20180711195025	12400.00	12700.00	0.00	0.00
20180711195026	12400.00	12700.00	0.00	0.00
20180711195027	12400.00	12700.00	0.00	0.00
20180711195028	12400.00	12700.00	0.00	0.00
20180711195029	12400.00	12700.00	0.00	0.00
20180711195030	12400.00	12700.00	0.00	0.00
20180711195031	12400.00	12700.00	0.00	0.00
20180711195032	12400.00	12700.00	0.00	0.00
20180711195033	12400.00	12700.00	0.00	0.00
20180711195034	12400.00	12700.00	0.00	0.00
20180711195035	12400.00	12700.00	0.00	0.00
20180711195036	12400.00	12700.00	0.00	0.00
20180711195037	12400.00	12700.00	0.00	0.00
20180711195038	12400.00	12700.00	0.00	0.00
20180711195039	12400.00	12700.00	0.00	0.00
20180711195040	12400.00	12700.00	0.00	0.00
20180711195041	12400.00	12700.00	0.00	0.00
20180711195042	12400.00	12700.00	0.00	0.00
20180711195043	12400.00	12700.00	0.00	0.00
20180711195044	12400.00	12700.00	0.00	0.00
20180711195045	12400.00	12700.00	0.00	0.00
20180711195046	12400.00	12700.00	0.00	0.00
20180711195047	12400.00	12700.00	0.00	0.00
20180711195048	12400.00	12700.00	0.00	0.00
20180711195049	12400.00	12700.00	0.00	0.00
20180711195050	12300.00	12700.00	0.00	0.00
20180711195051	12300.00	12700.00	0.00	0.00
20180711195052	12300.00	12700.00	0.00	0.00
20180711195053	12300.00	12700.00	0.00	0.00
20180711195054	12300.00	12700.00	0.00	0.00
20180711195055	12300.00	12700.00	0.00	0.00
20180711195056	12300.00	12700.00	0.00	0.00
20180711195057	12300.00	12700.00	0.00	0.00
20180711195058	12300.00	12700.00	0.00	0.00
20180711195059	12300.00	12600.00	0.00	0.00
20180711195100	12300.00	12600.00	0.00	0.00
20180711195101	12300.00	12700.00	0.00	0.00
20180711195102	12300.00	12700.00	0.00	0.00
20180711195103	12300.00	12700.00	0.00	0.00
20180711195104	12300.00	12700.00	0.00	0.00
20180711195105	12300.00	12700.00	0.00	0.00
20180711195106	12300.00	12600.00	0.00	0.00
20180711195107	12300.00	12600.00	0.00	0.00
20180711195108	12300.00	12600.00	0.00	0.00
20180711195109	12300.00	12600.00	0.00	0.00
20180711195110	12300.00	12600.00	0.00	0.00
20180711195111	12300.00	12600.00	0.00	0.00
20180711195112	12300.00	12600.00	0.00	0.00
20180711195113	12300.00	12600.00	0.00	0.00
20180711195114	12300.00	12600.00	0.00	0.00
20180711195115	12300.00	12600.00	0.00	0.00
20180711195116	12300.00	12600.00	0.00	0.00
20180711195117	12300.00	12600.00	0.00	0.00
20180711195118	12300.00	12600.00	0.00	0.00
20180711195119	12300.00	12600.00	0.00	0.00
20180711195120	12300.00	12600.00	0.00	0.00
20180711195121	12300.00	12600.00	0.00	0.00
20180711195122	12300.00	12600.00	0.00	0.00
20180711195123	12300.00	12600.00	0.00	0.00
20180711195124	12300.00	12600.00	0.00	0.00
20180711195125	12300.00	12600.00	0.00	0.00
20180711195126	12300.00	12600.00	0.00	0.00
20180711195127	12300.00	12600.00	0.00	0.00
20180711195128	12300.00	12600.00	0.00	0.00
20180711195129	12300.00	12600.00	0.00	0.00
20180711195130	12300.00	12600.00	0.00	0.00
20180711195131	12300.00	12600.00	0.00	0.00
20180711195132	12300.00	12600.00	0.00	0.00
20180711195133	12300.00	12600.00	0.00	0.00
20180711195134	12300.00	12600.00	0.00	0.00
20180711195135	12300.00	12600.00	0.00	0.00
20180711195136	12300.00	12600.00	0.00	0.00
20180711195137	12300.00	12600.00	0.00	0.00
20180711195138	12300.00	12600.00	0.00	0.00
20180711195139	12300.00	12600.00	0.00	0.00
20180711195140	12300.00	12600.00	0.00	0.00
20180711195141	12300.00	12600.00	0.00	0.00
20180711195142	12300.00	12600.00	0.00	0.00
20180711195143	12300.00	12600.00	0.00	0.00
20180711195144	12300.00	12600.00	0.00	0.00
20180711195145	12300.00	12600.00	0.00	0.00
20180711195146	12300.00	12600.00	0.00	0.00
20180711195147	12300.00	12600.00	0.00	0.00
20180711195148	12300.00	12600.00	0.00	0.00
20180711195149	12300.00	12600.00	0.00	0.00
20180711195150	12300.00	12600.00	0.00	0.00
20180711195151	12300.00	12600.00	0.00	0.00
20180711195152	12300.00	12600.00	0.00	0.00
20180711195153	12300.00	12600.00	0.00	0.00
20180711195154	12300.00	12600.00	0.00	0.00
20180711195155	12300.00	12600.00	0.00	0.00
20180711195156	12300.00	12600.00	0.00	0.00
20180711195157	12300.00	12600.00	0.00	0.00
20180711195158	12300.00	12600.00	0.00	0.00
20180711195159	12300.00	12600.00	0.00	0.00
20180711195200	12300.00	12600.00	0.00	0.00
20180711195201	12300.00	12600.00	0.00	0.00
20180711195202	12300.00	12600.00	0.00	0.00
20180711195203	12300.00	12600.00	0.00	0.00
20180711195204	12300.00	12600.00	0.00	0.00
20180711195205	12300.00	12600.00	0.00	0.00
20180711195206	12300.00	12500.00	0.00	0.00
20180711195207	12300.00	12500.00	0.00	0.00
20180711195208	12300.00	12600.00	0.00	0.00
20180711195209	12300.00	12600.00	0.00	0.00
20180711195210	12300.00	12600.00	0.00	0.00
20180711195211	12300.00	12600.00	0.00	0.00
20180711195212	12300.00	12600.00	0.00	0.00
20180711195213	8320.00	1300.00	0.00	0.00
20180711195214	8320.00	1300.00	0.00	0.00
20180711195215	3460.00	550.00	0.00	0.00
20180711195216	3460.00	550.00	0.00	0.00
20180711195217	1400.00	530.00	0.00	0.00
20180711195218	1400.00	530.00	0.00	0.00
20180711195219	610.00	550.00	0.00	0.00
20180711195220	610.00	550.00	0.00	0.00
20180711195221	300.00	550.00	0.00	0.00
20180711195222	300.00	550.00	0.00	0.00
20180711195223	170.00	560.00	0.00	0.00
20180711195224	170.00	560.00	0.00	0.00
20180711195225	100.00	550.00	0.00	0.00
20180711195226	100.00	550.00	0.00	0.00
20180711195227	100.00	550.00	0.00	0.00
