20180605154633	8530.00	0.00	0.00	0.00
20180605154634	8530.00	0.00	0.00	0.00
20180605154635	8530.00	0.00	0.00	0.00
20180605154636	8530.00	0.00	0.00	0.00
20180605154637	8530.00	0.00	0.00	0.00
20180605154638	8530.00	0.00	0.00	0.00
20180605154639	8530.00	0.00	0.00	0.00
20180605154640	8530.00	0.00	0.00	0.00
20180605154641	8530.00	0.00	0.00	0.00
20180605154642	8530.00	0.00	0.00	0.00
20180605154643	8530.00	0.00	0.00	0.00
20180605154644	8530.00	0.00	0.00	0.00
20180605154645	8530.00	0.00	0.00	0.00
20180605154646	8530.00	0.00	0.00	0.00
20180605154647	8530.00	0.00	0.00	0.00
20180605154648	8530.00	0.00	0.00	0.00
20180605154649	8530.00	0.00	0.00	0.00
20180605154650	8530.00	0.00	0.00	0.00
20180605154651	8530.00	0.00	0.00	0.00
20180605154652	8530.00	0.00	0.00	0.00
20180605154653	8530.00	0.00	0.00	0.00
20180605154654	8530.00	0.00	0.00	0.00
20180605154655	8530.00	0.00	0.00	0.00
20180605154656	8530.00	0.00	0.00	0.00
20180605154657	8530.00	0.00	0.00	0.00
20180605154658	8530.00	0.00	0.00	0.00
20180605154659	8530.00	0.00	0.00	0.00
20180605154700	8530.00	0.00	0.00	0.00
20180605154701	8530.00	0.00	0.00	0.00
20180605154702	8530.00	0.00	0.00	0.00
20180605154703	8530.00	0.00	0.00	0.00
20180605154704	8530.00	0.00	0.00	0.00
20180605154705	8530.00	0.00	0.00	0.00
20180605154706	8530.00	0.00	0.00	0.00
20180605154707	8530.00	0.00	0.00	0.00
20180605154708	8530.00	0.00	0.00	0.00
20180605154709	8530.00	0.00	0.00	0.00
20180605154710	8530.00	0.00	0.00	0.00
20180605154711	-19800.00	0.00	0.00	0.00
20180605154712	-19800.00	0.00	0.00	0.00
20180605154713	-19800.00	0.00	0.00	0.00
20180605154714	-19800.00	0.00	0.00	0.00
20180605154715	-19800.00	0.00	0.00	0.00
20180605154716	-19800.00	0.00	0.00	0.00
20180605154717	-19800.00	0.00	0.00	0.00
20180605154718	5230.00	0.00	0.00	0.00
20180605154719	5230.00	0.00	0.00	0.00
20180605154720	310.00	0.00	0.00	0.00
20180605154721	310.00	0.00	0.00	0.00
20180605154722	320.00	0.00	0.00	0.00
20180605154723	320.00	0.00	0.00	0.00
20180605154724	310.00	0.00	0.00	0.00
20180605154725	310.00	0.00	0.00	0.00
20180605154726	270.00	0.00	0.00	0.00
20180605154727	270.00	0.00	0.00	0.00
20180605154728	270.00	0.00	0.00	0.00
20180605154729	240.00	0.00	0.00	0.00
20180605154730	240.00	0.00	0.00	0.00
20180605154731	210.00	0.00	0.00	0.00
20180605154732	210.00	0.00	0.00	0.00
20180605154733	210.00	0.00	0.00	0.00
20180605154734	210.00	0.00	0.00	0.00
20180605154735	190.00	0.00	0.00	0.00
20180605154736	190.00	0.00	0.00	0.00
20180605154737	190.00	0.00	0.00	0.00
20180605154738	190.00	0.00	0.00	0.00
20180605154739	170.00	0.00	0.00	0.00
20180605154740	170.00	0.00	0.00	0.00
20180605154741	170.00	0.00	0.00	0.00
20180605154742	170.00	0.00	0.00	0.00
20180605154743	170.00	0.00	0.00	0.00
20180605154744	170.00	0.00	0.00	0.00
20180605154745	170.00	0.00	0.00	0.00
20180605154746	170.00	0.00	0.00	0.00
20180605154747	170.00	0.00	0.00	0.00
20180605154748	170.00	0.00	0.00	0.00
20180605154749	170.00	0.00	0.00	0.00
20180605154750	170.00	0.00	0.00	0.00
20180605154751	170.00	0.00	0.00	0.00
20180605154752	170.00	0.00	0.00	0.00
20180605154753	170.00	0.00	0.00	0.00
20180605154754	170.00	0.00	0.00	0.00
20180605154755	170.00	0.00	0.00	0.00
20180605154756	170.00	0.00	0.00	0.00
20180605154757	170.00	0.00	0.00	0.00
20180605154758	170.00	0.00	0.00	0.00
20180605154759	170.00	0.00	0.00	0.00
20180605154800	170.00	0.00	0.00	0.00
20180605154801	170.00	0.00	0.00	0.00
20180605154802	170.00	0.00	0.00	0.00
20180605154803	170.00	0.00	0.00	0.00
20180605154804	170.00	0.00	0.00	0.00
20180605154805	170.00	0.00	0.00	0.00
20180605154806	170.00	0.00	0.00	0.00
20180605154807	170.00	0.00	0.00	0.00
20180605154808	170.00	0.00	0.00	0.00
20180605154809	170.00	0.00	0.00	0.00
20180605154810	170.00	0.00	0.00	0.00
20180605154811	170.00	0.00	0.00	0.00
20180605154812	170.00	0.00	0.00	0.00
20180605154813	170.00	0.00	0.00	0.00
20180605154814	170.00	0.00	0.00	0.00
20180605154815	170.00	0.00	0.00	0.00
20180605154816	170.00	0.00	0.00	0.00
20180605154817	170.00	0.00	0.00	0.00
20180605154818	170.00	0.00	0.00	0.00
20180605154819	170.00	0.00	0.00	0.00
20180605154820	170.00	0.00	0.00	0.00
20180605154821	170.00	0.00	0.00	0.00
20180605154822	170.00	0.00	0.00	0.00
20180605154823	170.00	0.00	0.00	0.00
20180605154824	170.00	0.00	0.00	0.00
20180605154825	170.00	0.00	0.00	0.00
20180605154826	170.00	0.00	0.00	0.00
20180605154827	170.00	0.00	0.00	0.00
20180605154828	170.00	0.00	0.00	0.00
20180605154829	170.00	0.00	0.00	0.00
20180605154830	170.00	0.00	0.00	0.00
20180605154831	170.00	0.00	0.00	0.00
20180605154832	170.00	0.00	0.00	0.00
20180605154833	170.00	0.00	0.00	0.00
20180605154834	170.00	0.00	0.00	0.00
20180605154835	160.00	0.00	0.00	0.00
20180605154836	160.00	0.00	0.00	0.00
20180605154837	170.00	0.00	0.00	0.00
20180605154838	170.00	0.00	0.00	0.00
20180605154839	170.00	0.00	0.00	0.00
20180605154840	170.00	0.00	0.00	0.00
20180605154841	170.00	0.00	0.00	0.00
20180605154842	170.00	0.00	0.00	0.00
20180605154843	170.00	0.00	0.00	0.00
20180605154844	170.00	0.00	0.00	0.00
20180605154845	170.00	0.00	0.00	0.00
20180605154846	170.00	0.00	0.00	0.00
20180605154847	170.00	0.00	0.00	0.00
20180605154848	170.00	0.00	0.00	0.00
20180605154849	170.00	0.00	0.00	0.00
20180605154850	170.00	0.00	0.00	0.00
20180605154851	170.00	0.00	0.00	0.00
20180605154852	170.00	0.00	0.00	0.00
20180605154853	170.00	0.00	0.00	0.00
20180605154854	170.00	0.00	0.00	0.00
20180605154855	170.00	0.00	0.00	0.00
20180605154856	170.00	0.00	0.00	0.00
20180605154857	170.00	0.00	0.00	0.00
20180605154858	170.00	0.00	0.00	0.00
20180605154859	170.00	0.00	0.00	0.00
20180605154900	170.00	0.00	0.00	0.00
20180605154901	170.00	0.00	0.00	0.00
20180605154902	170.00	0.00	0.00	0.00
20180605154903	170.00	0.00	0.00	0.00
20180605154904	170.00	0.00	0.00	0.00
20180605154905	170.00	0.00	0.00	0.00
20180605154906	170.00	0.00	0.00	0.00
20180605154907	170.00	0.00	0.00	0.00
20180605154908	170.00	0.00	0.00	0.00
20180605154909	170.00	0.00	0.00	0.00
20180605154910	170.00	0.00	0.00	0.00
20180605154911	170.00	0.00	0.00	0.00
20180605154912	170.00	0.00	0.00	0.00
20180605154913	170.00	0.00	0.00	0.00
20180605154914	170.00	0.00	0.00	0.00
20180605154915	170.00	0.00	0.00	0.00
20180605154916	170.00	0.00	0.00	0.00
20180605154917	170.00	0.00	0.00	0.00
20180605154918	170.00	0.00	0.00	0.00
20180605154919	170.00	0.00	0.00	0.00
20180605154920	170.00	0.00	0.00	0.00
20180605154921	170.00	0.00	0.00	0.00
20180605154922	170.00	0.00	0.00	0.00
20180605154923	170.00	0.00	0.00	0.00
20180605154924	170.00	0.00	0.00	0.00
20180605154925	170.00	0.00	0.00	0.00
20180605154926	170.00	0.00	0.00	0.00
20180605154927	170.00	0.00	0.00	0.00
20180605154928	170.00	0.00	0.00	0.00
20180605154929	170.00	0.00	0.00	0.00
20180605154930	170.00	0.00	0.00	0.00
20180605154931	170.00	0.00	0.00	0.00
20180605154932	170.00	0.00	0.00	0.00
20180605154933	170.00	0.00	0.00	0.00
20180605154934	170.00	0.00	0.00	0.00
20180605154935	170.00	0.00	0.00	0.00
20180605154936	170.00	0.00	0.00	0.00
20180605154937	170.00	0.00	0.00	0.00
20180605154938	170.00	0.00	0.00	0.00
20180605154939	170.00	0.00	0.00	0.00
20180605154940	170.00	0.00	0.00	0.00
20180605154941	170.00	0.00	0.00	0.00
20180605154942	180.00	0.00	0.00	0.00
20180605154943	180.00	0.00	0.00	0.00
20180605154944	170.00	0.00	0.00	0.00
20180605154945	170.00	0.00	0.00	0.00
20180605154946	170.00	0.00	0.00	0.00
20180605154947	170.00	0.00	0.00	0.00
20180605154948	170.00	0.00	0.00	0.00
20180605154949	170.00	0.00	0.00	0.00
20180605154950	170.00	0.00	0.00	0.00
20180605154951	170.00	0.00	0.00	0.00
20180605154952	170.00	0.00	0.00	0.00
20180605154953	180.00	0.00	0.00	0.00
20180605154954	180.00	0.00	0.00	0.00
20180605154955	170.00	0.00	0.00	0.00
20180605154956	170.00	0.00	0.00	0.00
20180605154957	170.00	0.00	0.00	0.00
20180605154958	170.00	0.00	0.00	0.00
20180605154959	180.00	0.00	0.00	0.00
20180605155000	180.00	0.00	0.00	0.00
20180605155001	170.00	0.00	0.00	0.00
20180605155002	170.00	0.00	0.00	0.00
20180605155003	170.00	0.00	0.00	0.00
20180605155004	170.00	0.00	0.00	0.00
20180605155005	170.00	0.00	0.00	0.00
20180605155006	170.00	0.00	0.00	0.00
20180605155007	170.00	0.00	0.00	0.00
20180605155008	170.00	0.00	0.00	0.00
20180605155009	170.00	0.00	0.00	0.00
20180605155010	170.00	0.00	0.00	0.00
20180605155011	170.00	0.00	0.00	0.00
20180605155012	170.00	0.00	0.00	0.00
20180605155013	170.00	0.00	0.00	0.00
20180605155014	170.00	0.00	0.00	0.00
20180605155015	170.00	0.00	0.00	0.00
20180605155016	170.00	0.00	0.00	0.00
20180605155017	170.00	0.00	0.00	0.00
20180605155018	170.00	0.00	0.00	0.00
20180605155019	170.00	0.00	0.00	0.00
20180605155020	170.00	0.00	0.00	0.00
20180605155021	170.00	0.00	0.00	0.00
20180605155022	170.00	0.00	0.00	0.00
20180605155023	170.00	0.00	0.00	0.00
20180605155024	170.00	0.00	0.00	0.00
20180605155025	170.00	0.00	0.00	0.00
20180605155026	170.00	0.00	0.00	0.00
20180605155027	170.00	0.00	0.00	0.00
20180605155028	170.00	0.00	0.00	0.00
20180605155029	170.00	0.00	0.00	0.00
20180605155030	170.00	0.00	0.00	0.00
20180605155031	170.00	0.00	0.00	0.00
20180605155032	170.00	0.00	0.00	0.00
20180605155033	170.00	0.00	0.00	0.00
20180605155034	170.00	0.00	0.00	0.00
20180605155035	170.00	0.00	0.00	0.00
20180605155036	170.00	0.00	0.00	0.00
20180605155037	170.00	0.00	0.00	0.00
20180605155038	170.00	0.00	0.00	0.00
20180605155039	170.00	0.00	0.00	0.00
20180605155040	170.00	0.00	0.00	0.00
20180605155041	170.00	0.00	0.00	0.00
20180605155042	170.00	0.00	0.00	0.00
20180605155043	170.00	0.00	0.00	0.00
20180605155044	170.00	0.00	0.00	0.00
20180605155045	170.00	0.00	0.00	0.00
20180605155046	170.00	0.00	0.00	0.00
20180605155047	170.00	0.00	0.00	0.00
20180605155048	170.00	0.00	0.00	0.00
20180605155049	170.00	0.00	0.00	0.00
20180605155050	170.00	0.00	0.00	0.00
20180605155051	170.00	0.00	0.00	0.00
20180605155052	170.00	0.00	0.00	0.00
20180605155053	170.00	0.00	0.00	0.00
20180605155054	170.00	0.00	0.00	0.00
20180605155055	170.00	0.00	0.00	0.00
20180605155056	170.00	0.00	0.00	0.00
20180605155057	170.00	0.00	0.00	0.00
20180605155058	170.00	0.00	0.00	0.00
20180605155059	170.00	0.00	0.00	0.00
20180605155100	170.00	0.00	0.00	0.00
20180605155101	170.00	0.00	0.00	0.00
20180605155102	170.00	0.00	0.00	0.00
20180605155103	170.00	0.00	0.00	0.00
20180605155104	170.00	0.00	0.00	0.00
20180605155105	170.00	0.00	0.00	0.00
20180605155106	170.00	0.00	0.00	0.00
20180605155107	170.00	0.00	0.00	0.00
20180605155108	170.00	0.00	0.00	0.00
20180605155109	170.00	0.00	0.00	0.00
20180605155110	170.00	0.00	0.00	0.00
20180605155111	170.00	0.00	0.00	0.00
20180605155112	170.00	0.00	0.00	0.00
20180605155113	170.00	0.00	0.00	0.00
20180605155114	170.00	0.00	0.00	0.00
20180605155115	170.00	0.00	0.00	0.00
20180605155116	150.00	0.00	0.00	0.00
20180605155117	150.00	0.00	0.00	0.00
20180605155118	150.00	0.00	0.00	0.00
20180605155119	170.00	0.00	0.00	0.00
20180605155120	170.00	0.00	0.00	0.00
20180605155121	160.00	0.00	0.00	0.00
20180605155122	160.00	0.00	0.00	0.00
20180605155123	170.00	0.00	0.00	0.00
20180605155124	170.00	0.00	0.00	0.00
20180605155125	170.00	0.00	0.00	0.00
20180605155126	170.00	0.00	0.00	0.00
20180605155127	170.00	0.00	0.00	0.00
20180605155128	170.00	0.00	0.00	0.00
20180605155129	170.00	0.00	0.00	0.00
20180605155130	160.00	0.00	0.00	0.00
20180605155131	160.00	0.00	0.00	0.00
20180605155132	170.00	0.00	0.00	0.00
20180605155133	170.00	0.00	0.00	0.00
20180605155134	170.00	0.00	0.00	0.00
20180605155135	170.00	0.00	0.00	0.00
20180605155136	170.00	0.00	0.00	0.00
20180605155137	170.00	0.00	0.00	0.00
20180605155138	170.00	0.00	0.00	0.00
20180605155139	170.00	0.00	0.00	0.00
20180605155140	170.00	0.00	0.00	0.00
20180605155141	170.00	0.00	0.00	0.00
20180605155142	170.00	0.00	0.00	0.00
20180605155143	170.00	0.00	0.00	0.00
20180605155144	170.00	0.00	0.00	0.00
20180605155145	180.00	0.00	0.00	0.00
20180605155146	180.00	0.00	0.00	0.00
20180605155147	170.00	0.00	0.00	0.00
20180605155148	170.00	0.00	0.00	0.00
20180605155149	170.00	0.00	0.00	0.00
20180605155150	170.00	0.00	0.00	0.00
20180605155151	170.00	0.00	0.00	0.00
20180605155152	170.00	0.00	0.00	0.00
20180605155153	170.00	0.00	0.00	0.00
20180605155154	170.00	0.00	0.00	0.00
20180605155155	170.00	0.00	0.00	0.00
20180605155156	170.00	0.00	0.00	0.00
20180605155157	170.00	0.00	0.00	0.00
20180605155158	170.00	0.00	0.00	0.00
20180605155159	170.00	0.00	0.00	0.00
20180605155200	170.00	0.00	0.00	0.00
20180605155201	170.00	0.00	0.00	0.00
20180605155202	180.00	0.00	0.00	0.00
20180605155203	180.00	0.00	0.00	0.00
20180605155204	170.00	0.00	0.00	0.00
20180605155205	170.00	0.00	0.00	0.00
20180605155206	170.00	0.00	0.00	0.00
20180605155207	180.00	0.00	0.00	0.00
20180605155208	180.00	0.00	0.00	0.00
20180605155209	190.00	0.00	0.00	0.00
20180605155210	190.00	0.00	0.00	0.00
20180605155211	170.00	0.00	0.00	0.00
20180605155212	170.00	0.00	0.00	0.00
20180605155213	170.00	0.00	0.00	0.00
20180605155214	170.00	0.00	0.00	0.00
20180605155215	170.00	0.00	0.00	0.00
20180605155216	170.00	0.00	0.00	0.00
20180605155217	170.00	0.00	0.00	0.00
20180605155218	170.00	0.00	0.00	0.00
20180605155219	180.00	0.00	0.00	0.00
20180605155220	180.00	0.00	0.00	0.00
20180605155221	170.00	0.00	0.00	0.00
20180605155222	170.00	0.00	0.00	0.00
20180605155223	170.00	0.00	0.00	0.00
20180605155224	180.00	0.00	0.00	0.00
20180605155225	180.00	0.00	0.00	0.00
20180605155226	180.00	0.00	0.00	0.00
20180605155227	180.00	0.00	0.00	0.00
20180605155228	180.00	0.00	0.00	0.00
20180605155229	180.00	0.00	0.00	0.00
20180605155230	190.00	0.00	0.00	0.00
20180605155231	190.00	0.00	0.00	0.00
20180605155232	170.00	0.00	0.00	0.00
20180605155233	170.00	0.00	0.00	0.00
20180605155234	170.00	0.00	0.00	0.00
20180605155235	190.00	0.00	0.00	0.00
20180605155236	190.00	0.00	0.00	0.00
20180605155237	160.00	0.00	0.00	0.00
20180605155238	160.00	0.00	0.00	0.00
20180605155239	180.00	0.00	0.00	0.00
20180605155240	180.00	0.00	0.00	0.00
20180605155241	180.00	0.00	0.00	0.00
20180605155242	180.00	0.00	0.00	0.00
20180605155243	170.00	0.00	0.00	0.00
20180605155244	170.00	0.00	0.00	0.00
20180605155245	170.00	0.00	0.00	0.00
20180605155246	190.00	0.00	0.00	0.00
20180605155247	190.00	0.00	0.00	0.00
20180605155248	180.00	0.00	0.00	0.00
20180605155249	180.00	0.00	0.00	0.00
20180605155250	190.00	0.00	0.00	0.00
20180605155251	190.00	0.00	0.00	0.00
20180605155252	190.00	0.00	0.00	0.00
20180605155253	190.00	0.00	0.00	0.00
20180605155254	190.00	0.00	0.00	0.00
20180605155255	190.00	0.00	0.00	0.00
20180605155256	180.00	0.00	0.00	0.00
20180605155257	180.00	0.00	0.00	0.00
20180605155258	170.00	0.00	0.00	0.00
20180605155259	170.00	0.00	0.00	0.00
20180605155300	190.00	0.00	0.00	0.00
20180605155301	190.00	0.00	0.00	0.00
20180605155302	190.00	0.00	0.00	0.00
20180605155303	190.00	0.00	0.00	0.00
20180605155304	190.00	0.00	0.00	0.00
20180605155305	190.00	0.00	0.00	0.00
20180605155306	190.00	0.00	0.00	0.00
20180605155307	170.00	0.00	0.00	0.00
20180605155308	170.00	0.00	0.00	0.00
20180605155309	170.00	0.00	0.00	0.00
20180605155310	170.00	0.00	0.00	0.00
20180605155311	180.00	0.00	0.00	0.00
20180605155312	180.00	0.00	0.00	0.00
20180605155313	180.00	0.00	0.00	0.00
20180605155314	190.00	0.00	0.00	0.00
20180605155315	190.00	0.00	0.00	0.00
20180605155316	190.00	0.00	0.00	0.00
20180605155317	190.00	0.00	0.00	0.00
20180605155318	190.00	0.00	0.00	0.00
20180605155319	190.00	0.00	0.00	0.00
20180605155320	190.00	0.00	0.00	0.00
20180605155321	190.00	0.00	0.00	0.00
20180605155322	190.00	0.00	0.00	0.00
20180605155323	190.00	0.00	0.00	0.00
20180605155324	190.00	0.00	0.00	0.00
20180605155325	190.00	0.00	0.00	0.00
20180605155326	190.00	0.00	0.00	0.00
20180605155327	190.00	0.00	0.00	0.00
20180605155328	190.00	0.00	0.00	0.00
20180605155329	180.00	0.00	0.00	0.00
20180605155330	180.00	0.00	0.00	0.00
20180605155331	190.00	0.00	0.00	0.00
20180605155332	190.00	0.00	0.00	0.00
20180605155333	190.00	0.00	0.00	0.00
20180605155334	190.00	0.00	0.00	0.00
20180605155335	190.00	0.00	0.00	0.00
20180605155336	190.00	0.00	0.00	0.00
20180605155337	190.00	0.00	0.00	0.00
20180605155338	190.00	0.00	0.00	0.00
20180605155339	190.00	0.00	0.00	0.00
20180605155340	190.00	0.00	0.00	0.00
20180605155341	190.00	0.00	0.00	0.00
20180605155342	190.00	0.00	0.00	0.00
20180605155343	190.00	0.00	0.00	0.00
20180605155344	190.00	0.00	0.00	0.00
20180605155345	190.00	0.00	0.00	0.00
20180605155346	-40.00	0.00	0.00	0.00
20180605155347	-40.00	0.00	0.00	0.00
20180605155348	-340.00	0.00	0.00	0.00
20180605155349	-340.00	0.00	0.00	0.00
20180605155350	-300.00	0.00	0.00	0.00
20180605155351	-300.00	0.00	0.00	0.00
20180605155352	-300.00	0.00	0.00	0.00
20180605155353	-260.00	0.00	0.00	0.00
20180605155354	-260.00	0.00	0.00	0.00
20180605155355	-220.00	0.00	0.00	0.00
20180605155356	-220.00	0.00	0.00	0.00
20180605155357	-200.00	0.00	0.00	0.00
20180605155358	-200.00	0.00	0.00	0.00
20180605155359	-200.00	0.00	0.00	0.00
20180605155400	-200.00	0.00	0.00	0.00
20180605155401	-200.00	0.00	0.00	0.00
20180605155402	-200.00	0.00	0.00	0.00
20180605155403	-220.00	0.00	0.00	0.00
20180605155404	-220.00	0.00	0.00	0.00
20180605155405	-220.00	0.00	0.00	0.00
20180605155406	-220.00	0.00	0.00	0.00
20180605155407	-220.00	0.00	0.00	0.00
20180605155408	-220.00	0.00	0.00	0.00
20180605155409	-220.00	0.00	0.00	0.00
20180605155410	-220.00	0.00	0.00	0.00
20180605155411	-220.00	0.00	0.00	0.00
20180605155412	-220.00	0.00	0.00	0.00
20180605155413	-220.00	0.00	0.00	0.00
20180605155414	-220.00	0.00	0.00	0.00
20180605155415	-220.00	0.00	0.00	0.00
20180605155416	-220.00	0.00	0.00	0.00
20180605155417	-220.00	0.00	0.00	0.00
20180605155418	-220.00	0.00	0.00	0.00
20180605155419	-220.00	0.00	0.00	0.00
20180605155420	-220.00	0.00	0.00	0.00
20180605155421	-220.00	0.00	0.00	0.00
20180605155422	-220.00	0.00	0.00	0.00
20180605155423	-220.00	0.00	0.00	0.00
20180605155424	-220.00	0.00	0.00	0.00
20180605155425	-220.00	0.00	0.00	0.00
20180605155426	-220.00	0.00	0.00	0.00
20180605155427	-19800.00	0.00	0.00	0.00
20180605155428	-19800.00	0.00	0.00	0.00
20180605155429	-19800.00	0.00	0.00	0.00
20180605155430	-19800.00	0.00	0.00	0.00
20180605155431	-19800.00	0.00	0.00	0.00
20180605155432	-19800.00	0.00	0.00	0.00
20180605155433	-19800.00	0.00	0.00	0.00
20180605155434	-19800.00	0.00	0.00	0.00
20180605155435	-19800.00	0.00	0.00	0.00
20180605155436	830.00	0.00	0.00	0.00
20180605155437	830.00	0.00	0.00	0.00
20180605155438	740.00	0.00	0.00	0.00
20180605155439	740.00	0.00	0.00	0.00
20180605155440	590.00	0.00	0.00	0.00
20180605155441	590.00	0.00	0.00	0.00
20180605155442	350.00	0.00	0.00	0.00
20180605155443	350.00	0.00	0.00	0.00
20180605155444	220.00	0.00	0.00	0.00
20180605155445	220.00	0.00	0.00	0.00
20180605155446	120.00	0.00	0.00	0.00
20180605155447	120.00	0.00	0.00	0.00
20180605155448	120.00	0.00	0.00	0.00
20180605155449	60.00	0.00	0.00	0.00
20180605155450	60.00	0.00	0.00	0.00
20180605155451	20.00	0.00	0.00	0.00
20180605155452	20.00	0.00	0.00	0.00
20180605155453	0.00	0.00	0.00	0.00
20180605155454	0.00	0.00	0.00	0.00
20180605155455	-20.00	0.00	0.00	0.00
20180605155456	-20.00	0.00	0.00	0.00
20180605155457	-20.00	0.00	0.00	0.00
20180605155458	-40.00	0.00	0.00	0.00
20180605155459	-40.00	0.00	0.00	0.00
20180605155500	-40.00	0.00	0.00	0.00
20180605155501	-40.00	0.00	0.00	0.00
20180605155502	-40.00	0.00	0.00	0.00
20180605155503	-40.00	0.00	0.00	0.00
20180605155504	-40.00	0.00	0.00	0.00
20180605155505	-40.00	0.00	0.00	0.00
20180605155506	-50.00	0.00	0.00	0.00
20180605155507	-50.00	0.00	0.00	0.00
20180605155508	-60.00	0.00	0.00	0.00
20180605155509	-60.00	0.00	0.00	0.00
20180605155510	-60.00	0.00	0.00	0.00
20180605155511	-60.00	0.00	0.00	0.00
20180605155512	-60.00	0.00	0.00	0.00
20180605155513	-60.00	0.00	0.00	0.00
20180605155514	-50.00	0.00	0.00	0.00
20180605155515	-50.00	0.00	0.00	0.00
20180605155516	-50.00	0.00	0.00	0.00
20180605155517	-60.00	0.00	0.00	0.00
20180605155518	-60.00	0.00	0.00	0.00
20180605155519	-60.00	0.00	0.00	0.00
20180605155520	-60.00	0.00	0.00	0.00
20180605155521	-60.00	0.00	0.00	0.00
20180605155522	-60.00	0.00	0.00	0.00
20180605155523	-60.00	0.00	0.00	0.00
20180605155524	-60.00	0.00	0.00	0.00
20180605155525	-60.00	0.00	0.00	0.00
20180605155526	-60.00	0.00	0.00	0.00
20180605155527	-60.00	0.00	0.00	0.00
20180605155528	-60.00	0.00	0.00	0.00
20180605155529	-60.00	0.00	0.00	0.00
20180605155530	-60.00	0.00	0.00	0.00
20180605155531	-60.00	0.00	0.00	0.00
20180605155532	-50.00	0.00	0.00	0.00
20180605155533	-50.00	0.00	0.00	0.00
20180605155534	-60.00	0.00	0.00	0.00
20180605155535	-60.00	0.00	0.00	0.00
20180605155536	-60.00	0.00	0.00	0.00
20180605155537	-60.00	0.00	0.00	0.00
20180605155538	-60.00	0.00	0.00	0.00
20180605155539	-50.00	0.00	0.00	0.00
20180605155540	-50.00	0.00	0.00	0.00
20180605155541	-60.00	0.00	0.00	0.00
20180605155542	-60.00	0.00	0.00	0.00
20180605155543	-60.00	0.00	0.00	0.00
20180605155544	-60.00	0.00	0.00	0.00
20180605155545	-60.00	0.00	0.00	0.00
20180605155546	-60.00	0.00	0.00	0.00
20180605155547	-60.00	0.00	0.00	0.00
20180605155548	-60.00	0.00	0.00	0.00
20180605155549	-60.00	0.00	0.00	0.00
20180605155550	-60.00	0.00	0.00	0.00
20180605155551	-60.00	0.00	0.00	0.00
20180605155552	-60.00	0.00	0.00	0.00
20180605155553	-60.00	0.00	0.00	0.00
20180605155554	-60.00	0.00	0.00	0.00
20180605155555	-60.00	0.00	0.00	0.00
20180605155556	-50.00	0.00	0.00	0.00
20180605155557	-50.00	0.00	0.00	0.00
20180605155558	-50.00	0.00	0.00	0.00
20180605155559	-50.00	0.00	0.00	0.00
20180605155600	-50.00	0.00	0.00	0.00
20180605155601	-60.00	0.00	0.00	0.00
20180605155602	-60.00	0.00	0.00	0.00
20180605155603	-40.00	0.00	0.00	0.00
20180605155604	-40.00	0.00	0.00	0.00
20180605155605	-60.00	0.00	0.00	0.00
20180605155606	-60.00	0.00	0.00	0.00
20180605155607	-40.00	0.00	0.00	0.00
20180605155608	-40.00	0.00	0.00	0.00
20180605155609	-40.00	0.00	0.00	0.00
20180605155610	-40.00	0.00	0.00	0.00
20180605155611	-40.00	0.00	0.00	0.00
20180605155612	-40.00	0.00	0.00	0.00
20180605155613	-40.00	0.00	0.00	0.00
20180605155614	-40.00	0.00	0.00	0.00
20180605155615	-40.00	0.00	0.00	0.00
20180605155616	-40.00	0.00	0.00	0.00
20180605155617	-30.00	0.00	0.00	0.00
20180605155618	-30.00	0.00	0.00	0.00
20180605155619	-30.00	0.00	0.00	0.00
20180605155620	-40.00	0.00	0.00	0.00
20180605155621	-40.00	0.00	0.00	0.00
20180605155622	-40.00	0.00	0.00	0.00
20180605155623	-40.00	0.00	0.00	0.00
20180605155624	-40.00	0.00	0.00	0.00
20180605155625	-40.00	0.00	0.00	0.00
20180605155626	-40.00	0.00	0.00	0.00
20180605155627	-40.00	0.00	0.00	0.00
20180605155628	-40.00	0.00	0.00	0.00
20180605155629	-40.00	0.00	0.00	0.00
20180605155630	-40.00	0.00	0.00	0.00
20180605155631	-40.00	0.00	0.00	0.00
20180605155632	-40.00	0.00	0.00	0.00
20180605155633	-40.00	0.00	0.00	0.00
20180605155634	-40.00	0.00	0.00	0.00
20180605155635	-40.00	0.00	0.00	0.00
20180605155636	-40.00	0.00	0.00	0.00
20180605155637	-40.00	0.00	0.00	0.00
20180605155638	-40.00	0.00	0.00	0.00
20180605155639	-40.00	0.00	0.00	0.00
20180605155640	-40.00	0.00	0.00	0.00
20180605155641	-40.00	0.00	0.00	0.00
20180605155642	-40.00	0.00	0.00	0.00
20180605155643	-40.00	0.00	0.00	0.00
20180605155644	-40.00	0.00	0.00	0.00
20180605155645	-40.00	0.00	0.00	0.00
20180605155646	-40.00	0.00	0.00	0.00
20180605155647	-40.00	0.00	0.00	0.00
20180605155648	-40.00	0.00	0.00	0.00
20180605155649	-40.00	0.00	0.00	0.00
20180605155650	-40.00	0.00	0.00	0.00
20180605155651	-40.00	0.00	0.00	0.00
20180605155652	-40.00	0.00	0.00	0.00
20180605155653	-40.00	0.00	0.00	0.00
20180605155654	-40.00	0.00	0.00	0.00
20180605155655	-40.00	0.00	0.00	0.00
20180605155656	-40.00	0.00	0.00	0.00
20180605155657	-30.00	0.00	0.00	0.00
20180605155658	-30.00	0.00	0.00	0.00
20180605155659	-30.00	0.00	0.00	0.00
20180605155700	-30.00	0.00	0.00	0.00
20180605155701	-40.00	0.00	0.00	0.00
20180605155702	-40.00	0.00	0.00	0.00
20180605155703	-40.00	0.00	0.00	0.00
20180605155704	-40.00	0.00	0.00	0.00
20180605155705	-40.00	0.00	0.00	0.00
20180605155706	-30.00	0.00	0.00	0.00
20180605155707	-30.00	0.00	0.00	0.00
20180605155708	-20.00	0.00	0.00	0.00
20180605155709	-20.00	0.00	0.00	0.00
20180605155710	-40.00	0.00	0.00	0.00
20180605155711	-40.00	0.00	0.00	0.00
20180605155712	-20.00	0.00	0.00	0.00
20180605155713	-20.00	0.00	0.00	0.00
20180605155714	-20.00	0.00	0.00	0.00
20180605155715	-20.00	0.00	0.00	0.00
20180605155716	-20.00	0.00	0.00	0.00
20180605155717	-20.00	0.00	0.00	0.00
20180605155718	-20.00	0.00	0.00	0.00
20180605155719	-20.00	0.00	0.00	0.00
20180605155720	-10.00	0.00	0.00	0.00
20180605155721	-10.00	0.00	0.00	0.00
20180605155722	-20.00	0.00	0.00	0.00
20180605155723	-20.00	0.00	0.00	0.00
20180605155724	-20.00	0.00	0.00	0.00
20180605155725	-20.00	0.00	0.00	0.00
20180605155726	-20.00	0.00	0.00	0.00
20180605155727	-20.00	0.00	0.00	0.00
20180605155728	-20.00	0.00	0.00	0.00
20180605155729	-20.00	0.00	0.00	0.00
20180605155730	-20.00	0.00	0.00	0.00
20180605155731	-20.00	0.00	0.00	0.00
20180605155732	-20.00	0.00	0.00	0.00
20180605155733	-20.00	0.00	0.00	0.00
20180605155734	-20.00	0.00	0.00	0.00
20180605155735	-20.00	0.00	0.00	0.00
20180605155736	-20.00	0.00	0.00	0.00
20180605155737	-20.00	0.00	0.00	0.00
20180605155738	-20.00	0.00	0.00	0.00
20180605155739	-20.00	0.00	0.00	0.00
20180605155740	-20.00	0.00	0.00	0.00
20180605155741	-20.00	0.00	0.00	0.00
20180605155742	-20.00	0.00	0.00	0.00
20180605155743	-20.00	0.00	0.00	0.00
20180605155744	-20.00	0.00	0.00	0.00
20180605155745	-20.00	0.00	0.00	0.00
20180605155746	-20.00	0.00	0.00	0.00
20180605155747	-20.00	0.00	0.00	0.00
20180605155748	-20.00	0.00	0.00	0.00
20180605155749	-20.00	0.00	0.00	0.00
20180605155750	-20.00	0.00	0.00	0.00
20180605155751	-10.00	0.00	0.00	0.00
20180605155752	-10.00	0.00	0.00	0.00
20180605155753	-20.00	0.00	0.00	0.00
20180605155754	-20.00	0.00	0.00	0.00
20180605155755	-20.00	0.00	0.00	0.00
20180605155756	-20.00	0.00	0.00	0.00
20180605155757	-10.00	0.00	0.00	0.00
20180605155758	-10.00	0.00	0.00	0.00
20180605155759	-20.00	0.00	0.00	0.00
20180605155800	-20.00	0.00	0.00	0.00
20180605155801	-20.00	0.00	0.00	0.00
20180605155802	-20.00	0.00	0.00	0.00
20180605155803	-20.00	0.00	0.00	0.00
20180605155804	-20.00	0.00	0.00	0.00
20180605155805	-20.00	0.00	0.00	0.00
20180605155806	-20.00	0.00	0.00	0.00
20180605155807	-20.00	0.00	0.00	0.00
20180605155808	-10.00	0.00	0.00	0.00
20180605155809	-10.00	0.00	0.00	0.00
20180605155810	-20.00	0.00	0.00	0.00
20180605155811	-20.00	0.00	0.00	0.00
20180605155812	-20.00	0.00	0.00	0.00
20180605155813	-20.00	0.00	0.00	0.00
20180605155814	-20.00	0.00	0.00	0.00
20180605155815	-20.00	0.00	0.00	0.00
20180605155816	-20.00	0.00	0.00	0.00
20180605155817	-20.00	0.00	0.00	0.00
20180605155818	-20.00	0.00	0.00	0.00
20180605155819	-20.00	0.00	0.00	0.00
20180605155820	-20.00	0.00	0.00	0.00
20180605155821	-20.00	0.00	0.00	0.00
20180605155822	-20.00	0.00	0.00	0.00
20180605155823	-20.00	0.00	0.00	0.00
20180605155824	-20.00	0.00	0.00	0.00
20180605155825	-10.00	0.00	0.00	0.00
20180605155826	-10.00	0.00	0.00	0.00
20180605155827	0.00	0.00	0.00	0.00
20180605155828	0.00	0.00	0.00	0.00
20180605155829	-10.00	0.00	0.00	0.00
20180605155830	-10.00	0.00	0.00	0.00
20180605155831	-10.00	0.00	0.00	0.00
20180605155832	-10.00	0.00	0.00	0.00
20180605155833	-10.00	0.00	0.00	0.00
20180605155834	0.00	0.00	0.00	0.00
20180605155835	0.00	0.00	0.00	0.00
20180605155836	0.00	0.00	0.00	0.00
20180605155837	0.00	0.00	0.00	0.00
20180605155838	0.00	0.00	0.00	0.00
20180605155839	0.00	0.00	0.00	0.00
20180605155840	0.00	0.00	0.00	0.00
20180605155841	0.00	0.00	0.00	0.00
20180605155842	0.00	0.00	0.00	0.00
20180605155843	0.00	0.00	0.00	0.00
20180605155844	0.00	0.00	0.00	0.00
20180605155845	0.00	0.00	0.00	0.00
20180605155846	0.00	0.00	0.00	0.00
20180605155847	0.00	0.00	0.00	0.00
20180605155848	0.00	0.00	0.00	0.00
20180605155849	0.00	0.00	0.00	0.00
20180605155850	0.00	0.00	0.00	0.00
20180605155851	0.00	0.00	0.00	0.00
20180605155852	0.00	0.00	0.00	0.00
20180605155853	0.00	0.00	0.00	0.00
20180605155854	0.00	0.00	0.00	0.00
20180605155855	0.00	0.00	0.00	0.00
20180605155856	0.00	0.00	0.00	0.00
20180605155857	0.00	0.00	0.00	0.00
20180605155858	0.00	0.00	0.00	0.00
20180605155859	0.00	0.00	0.00	0.00
20180605155900	0.00	0.00	0.00	0.00
20180605155901	0.00	0.00	0.00	0.00
20180605155902	0.00	0.00	0.00	0.00
20180605155903	0.00	0.00	0.00	0.00
20180605155904	0.00	0.00	0.00	0.00
20180605155905	0.00	0.00	0.00	0.00
20180605155906	0.00	0.00	0.00	0.00
20180605155907	0.00	0.00	0.00	0.00
20180605155908	0.00	0.00	0.00	0.00
20180605155909	0.00	0.00	0.00	0.00
20180605155910	-90.00	0.00	0.00	0.00
20180605155911	-90.00	0.00	0.00	0.00
20180605155912	-90.00	0.00	0.00	0.00
20180605155913	-150.00	0.00	0.00	0.00
20180605155914	-150.00	0.00	0.00	0.00
20180605155915	-120.00	0.00	0.00	0.00
20180605155916	-120.00	0.00	0.00	0.00
20180605155917	120.00	0.00	0.00	0.00
20180605155918	120.00	0.00	0.00	0.00
20180605155919	200.00	0.00	0.00	0.00
20180605155920	200.00	0.00	0.00	0.00
20180605155921	200.00	0.00	0.00	0.00
20180605155922	170.00	0.00	0.00	0.00
20180605155923	170.00	0.00	0.00	0.00
20180605155924	220.00	0.00	0.00	0.00
20180605155925	220.00	0.00	0.00	0.00
20180605155926	260.00	0.00	0.00	0.00
20180605155927	260.00	0.00	0.00	0.00
20180605155928	170.00	0.00	0.00	0.00
20180605155929	170.00	0.00	0.00	0.00
20180605155930	40.00	0.00	0.00	0.00
20180605155931	40.00	0.00	0.00	0.00
20180605155932	-20.00	0.00	0.00	0.00
20180605155933	-20.00	0.00	0.00	0.00
20180605155934	-30.00	0.00	0.00	0.00
20180605155935	-30.00	0.00	0.00	0.00
20180605155936	-30.00	0.00	0.00	0.00
20180605155937	-40.00	0.00	0.00	0.00
20180605155938	-40.00	0.00	0.00	0.00
20180605155939	-40.00	0.00	0.00	0.00
20180605155940	-40.00	0.00	0.00	0.00
20180605155941	-40.00	0.00	0.00	0.00
20180605155942	-40.00	0.00	0.00	0.00
20180605155943	-40.00	0.00	0.00	0.00
20180605155944	-40.00	0.00	0.00	0.00
20180605155945	-40.00	0.00	0.00	0.00
20180605155946	-40.00	0.00	0.00	0.00
20180605155947	-40.00	0.00	0.00	0.00
20180605155948	-40.00	0.00	0.00	0.00
20180605155949	-40.00	0.00	0.00	0.00
20180605155950	-40.00	0.00	0.00	0.00
20180605155951	-40.00	0.00	0.00	0.00
20180605155952	-20.00	0.00	0.00	0.00
20180605155953	-20.00	0.00	0.00	0.00
20180605155954	-310.00	0.00	0.00	0.00
20180605155955	-310.00	0.00	0.00	0.00
20180605155956	-470.00	0.00	0.00	0.00
20180605155957	-470.00	0.00	0.00	0.00
20180605155958	-290.00	0.00	0.00	0.00
20180605155959	-290.00	0.00	0.00	0.00
20180605160000	-290.00	0.00	0.00	0.00
20180605160001	-150.00	0.00	0.00	0.00
20180605160002	-150.00	0.00	0.00	0.00
20180605160003	-300.00	0.00	0.00	0.00
20180605160004	-300.00	0.00	0.00	0.00
20180605160005	-50.00	0.00	0.00	0.00
20180605160006	-50.00	0.00	0.00	0.00
20180605160007	370.00	0.00	0.00	0.00
20180605160008	370.00	0.00	0.00	0.00
20180605160009	590.00	0.00	0.00	0.00
20180605160010	590.00	0.00	0.00	0.00
20180605160011	530.00	0.00	0.00	0.00
20180605160012	530.00	0.00	0.00	0.00
20180605160013	590.00	0.00	0.00	0.00
20180605160014	590.00	0.00	0.00	0.00
20180605160015	-70.00	0.00	0.00	0.00
20180605160016	-70.00	0.00	0.00	0.00
20180605160017	-440.00	0.00	0.00	0.00
20180605160018	-440.00	0.00	0.00	0.00
20180605160019	-440.00	0.00	0.00	0.00
20180605160020	-620.00	0.00	0.00	0.00
20180605160021	-620.00	0.00	0.00	0.00
20180605160022	-700.00	0.00	0.00	0.00
20180605160023	-700.00	0.00	0.00	0.00
20180605160024	-700.00	0.00	0.00	0.00
20180605160025	-700.00	0.00	0.00	0.00
20180605160026	-700.00	0.00	0.00	0.00
20180605160027	-700.00	0.00	0.00	0.00
20180605160028	-700.00	0.00	0.00	0.00
20180605160029	-700.00	0.00	0.00	0.00
20180605160030	-700.00	0.00	0.00	0.00
20180605160031	-700.00	0.00	0.00	0.00
20180605160032	-700.00	0.00	0.00	0.00
20180605160033	-700.00	0.00	0.00	0.00
20180605160034	-700.00	0.00	0.00	0.00
20180605160035	-700.00	0.00	0.00	0.00
20180605160036	-700.00	0.00	0.00	0.00
20180605160037	-700.00	0.00	0.00	0.00
20180605160038	-700.00	0.00	0.00	0.00
20180605160039	-700.00	0.00	0.00	0.00
20180605160040	-700.00	0.00	0.00	0.00
20180605160041	-700.00	0.00	0.00	0.00
20180605160042	-700.00	0.00	0.00	0.00
20180605160043	-700.00	0.00	0.00	0.00
20180605160044	-700.00	0.00	0.00	0.00
20180605160045	-700.00	0.00	0.00	0.00
20180605160046	-700.00	0.00	0.00	0.00
20180605160047	-700.00	0.00	0.00	0.00
20180605160048	-700.00	0.00	0.00	0.00
20180605160049	-700.00	0.00	0.00	0.00
20180605160050	-700.00	0.00	0.00	0.00
20180605160051	-700.00	0.00	0.00	0.00
20180605160052	-700.00	0.00	0.00	0.00
20180605160053	-700.00	0.00	0.00	0.00
20180605160054	-700.00	0.00	0.00	0.00
20180605160055	-700.00	0.00	0.00	0.00
20180605160056	-700.00	0.00	0.00	0.00
20180605160057	-700.00	0.00	0.00	0.00
20180605160058	-700.00	0.00	0.00	0.00
20180605160059	-700.00	0.00	0.00	0.00
20180605160100	-700.00	0.00	0.00	0.00
20180605160101	-700.00	0.00	0.00	0.00
20180605160102	-700.00	0.00	0.00	0.00
20180605160103	-700.00	0.00	0.00	0.00
20180605160104	-700.00	0.00	0.00	0.00
20180605160105	-700.00	0.00	0.00	0.00
20180605160106	-700.00	0.00	0.00	0.00
20180605160107	-700.00	0.00	0.00	0.00
20180605160108	-700.00	0.00	0.00	0.00
20180605160109	-700.00	0.00	0.00	0.00
20180605160110	-700.00	0.00	0.00	0.00
20180605160111	-700.00	0.00	0.00	0.00
20180605160112	-680.00	0.00	0.00	0.00
20180605160113	-680.00	0.00	0.00	0.00
20180605160114	-700.00	0.00	0.00	0.00
20180605160115	-700.00	0.00	0.00	0.00
20180605160116	-700.00	0.00	0.00	0.00
20180605160117	-700.00	0.00	0.00	0.00
20180605160118	-680.00	0.00	0.00	0.00
20180605160119	-680.00	0.00	0.00	0.00
20180605160120	-680.00	0.00	0.00	0.00
20180605160121	-680.00	0.00	0.00	0.00
20180605160122	-680.00	0.00	0.00	0.00
20180605160123	-680.00	0.00	0.00	0.00
20180605160124	-680.00	0.00	0.00	0.00
20180605160125	-680.00	0.00	0.00	0.00
20180605160126	-680.00	0.00	0.00	0.00
20180605160127	-700.00	0.00	0.00	0.00
20180605160128	-700.00	0.00	0.00	0.00
20180605160129	-230.00	0.00	0.00	0.00
20180605160130	-230.00	0.00	0.00	0.00
20180605160131	370.00	0.00	0.00	0.00
20180605160132	370.00	0.00	0.00	0.00
20180605160133	610.00	0.00	0.00	0.00
20180605160134	610.00	0.00	0.00	0.00
20180605160135	720.00	0.00	0.00	0.00
20180605160136	720.00	0.00	0.00	0.00
20180605160137	770.00	0.00	0.00	0.00
20180605160138	770.00	0.00	0.00	0.00
20180605160139	770.00	0.00	0.00	0.00
20180605160140	760.00	0.00	0.00	0.00
20180605160141	760.00	0.00	0.00	0.00
20180605160142	760.00	0.00	0.00	0.00
20180605160143	760.00	0.00	0.00	0.00
20180605160144	780.00	0.00	0.00	0.00
20180605160145	780.00	0.00	0.00	0.00
20180605160146	780.00	0.00	0.00	0.00
20180605160147	790.00	0.00	0.00	0.00
20180605160148	790.00	0.00	0.00	0.00
20180605160149	780.00	0.00	0.00	0.00
20180605160150	780.00	0.00	0.00	0.00
20180605160151	790.00	0.00	0.00	0.00
20180605160152	790.00	0.00	0.00	0.00
20180605160153	780.00	0.00	0.00	0.00
20180605160154	780.00	0.00	0.00	0.00
20180605160155	780.00	0.00	0.00	0.00
20180605160156	780.00	0.00	0.00	0.00
20180605160157	780.00	0.00	0.00	0.00
20180605160158	780.00	0.00	0.00	0.00
20180605160159	780.00	0.00	0.00	0.00
20180605160200	780.00	0.00	0.00	0.00
20180605160201	780.00	0.00	0.00	0.00
20180605160202	780.00	0.00	0.00	0.00
20180605160203	780.00	0.00	0.00	0.00
20180605160204	780.00	0.00	0.00	0.00
20180605160205	780.00	0.00	0.00	0.00
20180605160206	780.00	0.00	0.00	0.00
20180605160207	780.00	0.00	0.00	0.00
20180605160208	790.00	0.00	0.00	0.00
20180605160209	790.00	0.00	0.00	0.00
20180605160210	800.00	0.00	0.00	0.00
20180605160211	800.00	0.00	0.00	0.00
20180605160212	790.00	0.00	0.00	0.00
20180605160213	790.00	0.00	0.00	0.00
20180605160214	790.00	0.00	0.00	0.00
20180605160215	800.00	0.00	0.00	0.00
20180605160216	800.00	0.00	0.00	0.00
20180605160217	780.00	0.00	0.00	0.00
20180605160218	780.00	0.00	0.00	0.00
20180605160219	800.00	0.00	0.00	0.00
20180605160220	800.00	0.00	0.00	0.00
20180605160221	800.00	0.00	0.00	0.00
20180605160222	800.00	0.00	0.00	0.00
20180605160223	790.00	0.00	0.00	0.00
20180605160224	790.00	0.00	0.00	0.00
20180605160225	810.00	0.00	0.00	0.00
20180605160226	810.00	0.00	0.00	0.00
20180605160227	800.00	0.00	0.00	0.00
20180605160228	800.00	0.00	0.00	0.00
20180605160229	800.00	0.00	0.00	0.00
20180605160230	800.00	0.00	0.00	0.00
20180605160231	800.00	0.00	0.00	0.00
20180605160232	790.00	0.00	0.00	0.00
20180605160233	790.00	0.00	0.00	0.00
20180605160234	800.00	0.00	0.00	0.00
20180605160235	800.00	0.00	0.00	0.00
20180605160236	780.00	0.00	0.00	0.00
20180605160237	780.00	0.00	0.00	0.00
20180605160238	790.00	0.00	0.00	0.00
20180605160239	790.00	0.00	0.00	0.00
20180605160240	790.00	0.00	0.00	0.00
20180605160241	780.00	0.00	0.00	0.00
20180605160242	780.00	0.00	0.00	0.00
20180605160243	800.00	0.00	0.00	0.00
20180605160244	800.00	0.00	0.00	0.00
20180605160245	790.00	0.00	0.00	0.00
20180605160246	790.00	0.00	0.00	0.00
20180605160247	780.00	0.00	0.00	0.00
20180605160248	780.00	0.00	0.00	0.00
20180605160249	800.00	0.00	0.00	0.00
20180605160250	800.00	0.00	0.00	0.00
20180605160251	800.00	0.00	0.00	0.00
20180605160252	780.00	0.00	0.00	0.00
20180605160253	780.00	0.00	0.00	0.00
20180605160254	790.00	0.00	0.00	0.00
20180605160255	790.00	0.00	0.00	0.00
20180605160256	780.00	0.00	0.00	0.00
20180605160257	780.00	0.00	0.00	0.00
20180605160258	790.00	0.00	0.00	0.00
20180605160259	790.00	0.00	0.00	0.00
20180605160300	780.00	0.00	0.00	0.00
20180605160301	780.00	0.00	0.00	0.00
20180605160302	780.00	0.00	0.00	0.00
20180605160303	780.00	0.00	0.00	0.00
20180605160304	790.00	0.00	0.00	0.00
20180605160305	790.00	0.00	0.00	0.00
20180605160306	780.00	0.00	0.00	0.00
20180605160307	780.00	0.00	0.00	0.00
20180605160308	780.00	0.00	0.00	0.00
20180605160309	780.00	0.00	0.00	0.00
20180605160310	780.00	0.00	0.00	0.00
20180605160311	780.00	0.00	0.00	0.00
20180605160312	780.00	0.00	0.00	0.00
20180605160313	780.00	0.00	0.00	0.00
20180605160314	780.00	0.00	0.00	0.00
20180605160315	780.00	0.00	0.00	0.00
20180605160316	780.00	0.00	0.00	0.00
20180605160317	780.00	0.00	0.00	0.00
20180605160318	780.00	0.00	0.00	0.00
20180605160319	780.00	0.00	0.00	0.00
20180605160320	780.00	0.00	0.00	0.00
20180605160321	780.00	0.00	0.00	0.00
20180605160322	780.00	0.00	0.00	0.00
20180605160323	780.00	0.00	0.00	0.00
20180605160324	790.00	0.00	0.00	0.00
20180605160325	790.00	0.00	0.00	0.00
20180605160326	780.00	0.00	0.00	0.00
20180605160327	780.00	0.00	0.00	0.00
20180605160328	780.00	0.00	0.00	0.00
20180605160329	780.00	0.00	0.00	0.00
20180605160330	790.00	0.00	0.00	0.00
20180605160331	790.00	0.00	0.00	0.00
20180605160332	790.00	0.00	0.00	0.00
20180605160333	790.00	0.00	0.00	0.00
20180605160334	790.00	0.00	0.00	0.00
20180605160335	790.00	0.00	0.00	0.00
20180605160336	790.00	0.00	0.00	0.00
20180605160337	780.00	0.00	0.00	0.00
20180605160338	780.00	0.00	0.00	0.00
20180605160339	790.00	0.00	0.00	0.00
20180605160340	790.00	0.00	0.00	0.00
20180605160341	780.00	0.00	0.00	0.00
20180605160342	780.00	0.00	0.00	0.00
20180605160343	780.00	0.00	0.00	0.00
20180605160344	780.00	0.00	0.00	0.00
20180605160345	780.00	0.00	0.00	0.00
20180605160346	780.00	0.00	0.00	0.00
20180605160347	780.00	0.00	0.00	0.00
20180605160348	780.00	0.00	0.00	0.00
20180605160349	780.00	0.00	0.00	0.00
20180605160350	790.00	0.00	0.00	0.00
20180605160351	790.00	0.00	0.00	0.00
20180605160352	780.00	0.00	0.00	0.00
20180605160353	780.00	0.00	0.00	0.00
20180605160354	780.00	0.00	0.00	0.00
20180605160355	780.00	0.00	0.00	0.00
20180605160356	780.00	0.00	0.00	0.00
20180605160357	790.00	0.00	0.00	0.00
20180605160358	790.00	0.00	0.00	0.00
20180605160359	780.00	0.00	0.00	0.00
20180605160400	780.00	0.00	0.00	0.00
20180605160401	790.00	0.00	0.00	0.00
20180605160402	790.00	0.00	0.00	0.00
20180605160403	790.00	0.00	0.00	0.00
20180605160404	790.00	0.00	0.00	0.00
20180605160405	790.00	0.00	0.00	0.00
20180605160406	790.00	0.00	0.00	0.00
20180605160407	780.00	0.00	0.00	0.00
20180605160408	780.00	0.00	0.00	0.00
20180605160409	780.00	0.00	0.00	0.00
20180605160410	780.00	0.00	0.00	0.00
20180605160411	790.00	0.00	0.00	0.00
20180605160412	790.00	0.00	0.00	0.00
20180605160413	790.00	0.00	0.00	0.00
20180605160414	790.00	0.00	0.00	0.00
20180605160415	790.00	0.00	0.00	0.00
20180605160416	780.00	0.00	0.00	0.00
20180605160417	780.00	0.00	0.00	0.00
20180605160418	790.00	0.00	0.00	0.00
20180605160419	790.00	0.00	0.00	0.00
20180605160420	1170.00	0.00	0.00	0.00
20180605160421	1170.00	0.00	0.00	0.00
20180605160422	1120.00	0.00	0.00	0.00
20180605160423	1120.00	0.00	0.00	0.00
20180605160424	1120.00	0.00	0.00	0.00
20180605160425	910.00	0.00	0.00	0.00
20180605160426	910.00	0.00	0.00	0.00
20180605160427	830.00	0.00	0.00	0.00
20180605160428	830.00	0.00	0.00	0.00
20180605160429	810.00	0.00	0.00	0.00
20180605160430	810.00	0.00	0.00	0.00
20180605160431	790.00	0.00	0.00	0.00
20180605160432	790.00	0.00	0.00	0.00
20180605160433	790.00	0.00	0.00	0.00
20180605160434	790.00	0.00	0.00	0.00
20180605160435	790.00	0.00	0.00	0.00
20180605160436	790.00	0.00	0.00	0.00
20180605160437	790.00	0.00	0.00	0.00
20180605160438	790.00	0.00	0.00	0.00
20180605160439	790.00	0.00	0.00	0.00
20180605160440	790.00	0.00	0.00	0.00
20180605160441	790.00	0.00	0.00	0.00
20180605160442	790.00	0.00	0.00	0.00
20180605160443	790.00	0.00	0.00	0.00
20180605160444	790.00	0.00	0.00	0.00
20180605160445	790.00	0.00	0.00	0.00
20180605160446	790.00	0.00	0.00	0.00
20180605160447	790.00	0.00	0.00	0.00
20180605160448	790.00	0.00	0.00	0.00
20180605160449	790.00	0.00	0.00	0.00
20180605160450	790.00	0.00	0.00	0.00
20180605160451	790.00	0.00	0.00	0.00
20180605160452	790.00	0.00	0.00	0.00
20180605160453	790.00	0.00	0.00	0.00
20180605160454	790.00	0.00	0.00	0.00
20180605160455	790.00	0.00	0.00	0.00
20180605160456	790.00	0.00	0.00	0.00
20180605160457	790.00	0.00	0.00	0.00
20180605160458	790.00	0.00	0.00	0.00
20180605160459	790.00	0.00	0.00	0.00
20180605160500	790.00	0.00	0.00	0.00
20180605160501	790.00	0.00	0.00	0.00
20180605160502	790.00	0.00	0.00	0.00
20180605160503	790.00	0.00	0.00	0.00
20180605160504	790.00	0.00	0.00	0.00
20180605160505	790.00	0.00	0.00	0.00
20180605160506	790.00	0.00	0.00	0.00
20180605160507	790.00	0.00	0.00	0.00
20180605160508	790.00	0.00	0.00	0.00
20180605160509	790.00	0.00	0.00	0.00
20180605160510	790.00	0.00	0.00	0.00
20180605160511	790.00	0.00	0.00	0.00
20180605160512	800.00	0.00	0.00	0.00
20180605160513	800.00	0.00	0.00	0.00
20180605160514	790.00	0.00	0.00	0.00
20180605160515	790.00	0.00	0.00	0.00
20180605160516	790.00	0.00	0.00	0.00
20180605160517	790.00	0.00	0.00	0.00
20180605160518	790.00	0.00	0.00	0.00
20180605160519	790.00	0.00	0.00	0.00
20180605160520	790.00	0.00	0.00	0.00
20180605160521	790.00	0.00	0.00	0.00
20180605160522	790.00	0.00	0.00	0.00
20180605160523	790.00	0.00	0.00	0.00
20180605160524	790.00	0.00	0.00	0.00
20180605160526	790.00	0.00	0.00	0.00
20180605160527	790.00	0.00	0.00	0.00
20180605160528	790.00	0.00	0.00	0.00
20180605160529	790.00	0.00	0.00	0.00
20180605160530	790.00	0.00	0.00	0.00
20180605160531	790.00	0.00	0.00	0.00
20180605160532	790.00	0.00	0.00	0.00
20180605160533	800.00	0.00	0.00	0.00
20180605160534	800.00	0.00	0.00	0.00
20180605160535	800.00	0.00	0.00	0.00
20180605160536	800.00	0.00	0.00	0.00
20180605160537	800.00	0.00	0.00	0.00
20180605160538	790.00	0.00	0.00	0.00
20180605160539	790.00	0.00	0.00	0.00
20180605160540	790.00	0.00	0.00	0.00
20180605160541	790.00	0.00	0.00	0.00
20180605160542	790.00	0.00	0.00	0.00
20180605160543	790.00	0.00	0.00	0.00
20180605160544	790.00	0.00	0.00	0.00
20180605160545	790.00	0.00	0.00	0.00
20180605160546	790.00	0.00	0.00	0.00
20180605160547	790.00	0.00	0.00	0.00
20180605160548	790.00	0.00	0.00	0.00
20180605160549	790.00	0.00	0.00	0.00
20180605160550	790.00	0.00	0.00	0.00
20180605160551	800.00	0.00	0.00	0.00
20180605160552	800.00	0.00	0.00	0.00
20180605160553	790.00	0.00	0.00	0.00
20180605160554	790.00	0.00	0.00	0.00
20180605160555	790.00	0.00	0.00	0.00
20180605160556	790.00	0.00	0.00	0.00
20180605160557	790.00	0.00	0.00	0.00
20180605160558	790.00	0.00	0.00	0.00
20180605160559	790.00	0.00	0.00	0.00
20180605160600	790.00	0.00	0.00	0.00
20180605160601	790.00	0.00	0.00	0.00
20180605160602	790.00	0.00	0.00	0.00
20180605160603	790.00	0.00	0.00	0.00
20180605160604	790.00	0.00	0.00	0.00
20180605160605	790.00	0.00	0.00	0.00
20180605160606	800.00	0.00	0.00	0.00
20180605160607	800.00	0.00	0.00	0.00
20180605160608	790.00	0.00	0.00	0.00
20180605160609	790.00	0.00	0.00	0.00
20180605160610	800.00	0.00	0.00	0.00
20180605160611	800.00	0.00	0.00	0.00
20180605160612	800.00	0.00	0.00	0.00
20180605160613	790.00	0.00	0.00	0.00
20180605160614	790.00	0.00	0.00	0.00
20180605160615	790.00	0.00	0.00	0.00
20180605160616	790.00	0.00	0.00	0.00
20180605160617	790.00	0.00	0.00	0.00
20180605160618	790.00	0.00	0.00	0.00
20180605160619	790.00	0.00	0.00	0.00
20180605160620	790.00	0.00	0.00	0.00
20180605160621	800.00	0.00	0.00	0.00
20180605160622	800.00	0.00	0.00	0.00
20180605160623	800.00	0.00	0.00	0.00
20180605160624	800.00	0.00	0.00	0.00
20180605160625	800.00	0.00	0.00	0.00
20180605160626	800.00	0.00	0.00	0.00
20180605160627	810.00	0.00	0.00	0.00
20180605160628	810.00	0.00	0.00	0.00
20180605160629	810.00	0.00	0.00	0.00
20180605160630	810.00	0.00	0.00	0.00
20180605160631	810.00	0.00	0.00	0.00
20180605160632	810.00	0.00	0.00	0.00
20180605160633	810.00	0.00	0.00	0.00
20180605160634	810.00	0.00	0.00	0.00
20180605160635	810.00	0.00	0.00	0.00
20180605160636	810.00	0.00	0.00	0.00
20180605160637	810.00	0.00	0.00	0.00
20180605160638	810.00	0.00	0.00	0.00
20180605160639	810.00	0.00	0.00	0.00
20180605160640	810.00	0.00	0.00	0.00
20180605160641	810.00	0.00	0.00	0.00
20180605160642	810.00	0.00	0.00	0.00
20180605160643	810.00	0.00	0.00	0.00
20180605160644	810.00	0.00	0.00	0.00
20180605160645	810.00	0.00	0.00	0.00
20180605160646	810.00	0.00	0.00	0.00
20180605160647	810.00	0.00	0.00	0.00
20180605160648	810.00	0.00	0.00	0.00
20180605160649	810.00	0.00	0.00	0.00
20180605160650	810.00	0.00	0.00	0.00
20180605160651	810.00	0.00	0.00	0.00
20180605160652	810.00	0.00	0.00	0.00
20180605160653	810.00	0.00	0.00	0.00
20180605160654	810.00	0.00	0.00	0.00
20180605160655	810.00	0.00	0.00	0.00
20180605160656	810.00	0.00	0.00	0.00
20180605160657	810.00	0.00	0.00	0.00
20180605160658	810.00	0.00	0.00	0.00
20180605160659	810.00	0.00	0.00	0.00
20180605160700	810.00	0.00	0.00	0.00
20180605160701	810.00	0.00	0.00	0.00
20180605160702	810.00	0.00	0.00	0.00
20180605160703	810.00	0.00	0.00	0.00
20180605160704	820.00	0.00	0.00	0.00
20180605160705	820.00	0.00	0.00	0.00
20180605160706	810.00	0.00	0.00	0.00
20180605160707	810.00	0.00	0.00	0.00
20180605160708	810.00	0.00	0.00	0.00
20180605160709	810.00	0.00	0.00	0.00
20180605160710	810.00	0.00	0.00	0.00
20180605160711	810.00	0.00	0.00	0.00
20180605160712	810.00	0.00	0.00	0.00
20180605160713	810.00	0.00	0.00	0.00
20180605160714	810.00	0.00	0.00	0.00
20180605160715	810.00	0.00	0.00	0.00
20180605160716	810.00	0.00	0.00	0.00
20180605160717	810.00	0.00	0.00	0.00
20180605160718	810.00	0.00	0.00	0.00
20180605160720	810.00	0.00	0.00	0.00
20180605160721	810.00	0.00	0.00	0.00
20180605160722	810.00	0.00	0.00	0.00
20180605160724	810.00	0.00	0.00	0.00
20180605160725	810.00	0.00	0.00	0.00
20180605160726	810.00	0.00	0.00	0.00
20180605160727	810.00	0.00	0.00	0.00
20180605160728	810.00	0.00	0.00	0.00
20180605160729	810.00	0.00	0.00	0.00
20180605160730	810.00	0.00	0.00	0.00
20180605160731	810.00	0.00	0.00	0.00
20180605160732	810.00	0.00	0.00	0.00
20180605160733	810.00	0.00	0.00	0.00
20180605160734	810.00	0.00	0.00	0.00
20180605160735	810.00	0.00	0.00	0.00
20180605160736	810.00	0.00	0.00	0.00
20180605160737	810.00	0.00	0.00	0.00
20180605160738	810.00	0.00	0.00	0.00
20180605160739	810.00	0.00	0.00	0.00
20180605160740	810.00	0.00	0.00	0.00
20180605160741	810.00	0.00	0.00	0.00
20180605160742	810.00	0.00	0.00	0.00
20180605160743	810.00	0.00	0.00	0.00
20180605160744	810.00	0.00	0.00	0.00
20180605160745	810.00	0.00	0.00	0.00
20180605160746	810.00	0.00	0.00	0.00
20180605160747	810.00	0.00	0.00	0.00
20180605160748	810.00	0.00	0.00	0.00
20180605160749	810.00	0.00	0.00	0.00
20180605160750	810.00	0.00	0.00	0.00
20180605160751	810.00	0.00	0.00	0.00
20180605160752	820.00	0.00	0.00	0.00
20180605160753	820.00	0.00	0.00	0.00
20180605160754	810.00	0.00	0.00	0.00
20180605160755	810.00	0.00	0.00	0.00
20180605160756	810.00	0.00	0.00	0.00
20180605160757	810.00	0.00	0.00	0.00
20180605160758	810.00	0.00	0.00	0.00
20180605160759	810.00	0.00	0.00	0.00
20180605160800	810.00	0.00	0.00	0.00
20180605160801	810.00	0.00	0.00	0.00
20180605160802	810.00	0.00	0.00	0.00
20180605160803	810.00	0.00	0.00	0.00
20180605160804	810.00	0.00	0.00	0.00
20180605160805	840.00	0.00	0.00	0.00
20180605160806	840.00	0.00	0.00	0.00
20180605160807	810.00	0.00	0.00	0.00
20180605160808	810.00	0.00	0.00	0.00
20180605160809	810.00	0.00	0.00	0.00
20180605160810	810.00	0.00	0.00	0.00
20180605160811	830.00	0.00	0.00	0.00
20180605160812	830.00	0.00	0.00	0.00
20180605160813	810.00	0.00	0.00	0.00
20180605160814	810.00	0.00	0.00	0.00
20180605160815	810.00	0.00	0.00	0.00
20180605160816	810.00	0.00	0.00	0.00
20180605160817	810.00	0.00	0.00	0.00
20180605160818	830.00	0.00	0.00	0.00
20180605160819	830.00	0.00	0.00	0.00
20180605160820	830.00	0.00	0.00	0.00
20180605160821	830.00	0.00	0.00	0.00
20180605160822	830.00	0.00	0.00	0.00
20180605160823	830.00	0.00	0.00	0.00
20180605160824	830.00	0.00	0.00	0.00
20180605160825	820.00	0.00	0.00	0.00
20180605160826	820.00	0.00	0.00	0.00
20180605160827	830.00	0.00	0.00	0.00
20180605160828	830.00	0.00	0.00	0.00
20180605160829	830.00	0.00	0.00	0.00
20180605160830	830.00	0.00	0.00	0.00
20180605160831	830.00	0.00	0.00	0.00
20180605160832	830.00	0.00	0.00	0.00
20180605160833	830.00	0.00	0.00	0.00
20180605160834	830.00	0.00	0.00	0.00
20180605160835	830.00	0.00	0.00	0.00
20180605160836	830.00	0.00	0.00	0.00
20180605160837	830.00	0.00	0.00	0.00
20180605160838	830.00	0.00	0.00	0.00
20180605160839	830.00	0.00	0.00	0.00
20180605160840	830.00	0.00	0.00	0.00
20180605160841	830.00	0.00	0.00	0.00
20180605160842	830.00	0.00	0.00	0.00
20180605160843	830.00	0.00	0.00	0.00
20180605160844	830.00	0.00	0.00	0.00
20180605160845	830.00	0.00	0.00	0.00
20180605160846	830.00	0.00	0.00	0.00
20180605160847	830.00	0.00	0.00	0.00
20180605160848	830.00	0.00	0.00	0.00
20180605160849	830.00	0.00	0.00	0.00
20180605160850	830.00	0.00	0.00	0.00
20180605160851	830.00	0.00	0.00	0.00
20180605160852	830.00	0.00	0.00	0.00
20180605160853	830.00	0.00	0.00	0.00
20180605160854	830.00	0.00	0.00	0.00
20180605160855	830.00	0.00	0.00	0.00
20180605160856	830.00	0.00	0.00	0.00
20180605160857	830.00	0.00	0.00	0.00
20180605160858	830.00	0.00	0.00	0.00
20180605160859	830.00	0.00	0.00	0.00
20180605160900	830.00	0.00	0.00	0.00
20180605160901	830.00	0.00	0.00	0.00
20180605160902	830.00	0.00	0.00	0.00
20180605160903	830.00	0.00	0.00	0.00
20180605160904	830.00	0.00	0.00	0.00
20180605160905	830.00	0.00	0.00	0.00
20180605160906	830.00	0.00	0.00	0.00
20180605160907	830.00	0.00	0.00	0.00
20180605160908	830.00	0.00	0.00	0.00
20180605160909	830.00	0.00	0.00	0.00
20180605160910	830.00	0.00	0.00	0.00
20180605160911	830.00	0.00	0.00	0.00
20180605160912	830.00	0.00	0.00	0.00
20180605160913	830.00	0.00	0.00	0.00
20180605160914	830.00	0.00	0.00	0.00
20180605160915	830.00	0.00	0.00	0.00
20180605160916	830.00	0.00	0.00	0.00
20180605160917	830.00	0.00	0.00	0.00
20180605160918	840.00	0.00	0.00	0.00
20180605160919	840.00	0.00	0.00	0.00
20180605160920	830.00	0.00	0.00	0.00
20180605160921	830.00	0.00	0.00	0.00
20180605160922	830.00	0.00	0.00	0.00
