20180711151658	0.00	0.00	0.00	0.00
20180711151700	0.00	0.00	0.00	0.00
20180711151701	0.00	0.00	0.00	0.00
20180711151702	0.00	0.00	0.00	0.00
20180711151703	0.00	0.00	0.00	0.00
20180711151704	0.00	0.00	0.00	0.00
20180711151705	0.00	0.00	0.00	0.00
20180711151706	4000.00	92000.00	0.00	0.00
20180711151707	4000.00	92000.00	0.00	0.00
20180711151708	4000.00	92000.00	0.00	0.00
20180711151709	4000.00	92000.00	0.00	0.00
20180711151710	4000.00	92000.00	0.00	0.00
20180711151711	4000.00	91800.00	0.00	0.00
20180711151712	4000.00	91800.00	0.00	0.00
20180711151713	3900.00	91700.00	0.00	0.00
20180711151714	3900.00	91700.00	0.00	0.00
20180711151715	4000.00	63500.00	0.00	0.00
20180711151716	4000.00	63500.00	0.00	0.00
20180711151717	3900.00	83400.00	0.00	0.00
20180711151718	3900.00	83400.00	0.00	0.00
20180711151719	4000.00	89500.00	0.00	0.00
20180711151720	4000.00	89500.00	0.00	0.00
20180711151721	4000.00	9120.00	0.00	0.00
20180711151722	4000.00	9120.00	0.00	0.00
20180711151723	4000.00	9120.00	0.00	0.00
20180711151724	4000.00	916.00	0.00	0.00
20180711151725	4000.00	916.00	0.00	0.00
20180711151726	4000.00	916.00	0.00	0.00
20180711151727	4000.00	916.00	0.00	0.00
20180711151728	4000.00	914.00	0.00	0.00
20180711151729	4000.00	914.00	0.00	0.00
20180711151730	3900.00	912.00	0.00	0.00
20180711151731	3900.00	912.00	0.00	0.00
20180711151732	3900.00	912.00	0.00	0.00
20180711151733	4000.00	909.00	0.00	0.00
20180711151734	4000.00	909.00	0.00	0.00
20180711151735	4000.00	910.00	0.00	0.00
20180711151736	4000.00	910.00	0.00	0.00
20180711151737	4000.00	908.00	0.00	0.00
20180711151738	4000.00	908.00	0.00	0.00
20180711151739	4000.00	908.00	0.00	0.00
20180711151740	4000.00	908.00	0.00	0.00
20180711151741	4000.00	907.00	0.00	0.00
20180711151742	4000.00	907.00	0.00	0.00
20180711151743	4000.00	906.00	0.00	0.00
20180711151744	4000.00	906.00	0.00	0.00
20180711151745	4000.00	906.00	0.00	0.00
20180711151746	4000.00	906.00	0.00	0.00
20180711151747	4000.00	906.00	0.00	0.00
20180711151748	4000.00	906.00	0.00	0.00
20180711151749	4000.00	906.00	0.00	0.00
20180711151750	4000.00	905.00	0.00	0.00
20180711151751	4000.00	905.00	0.00	0.00
20180711151752	3900.00	904.00	0.00	0.00
20180711151753	3900.00	904.00	0.00	0.00
20180711151754	4000.00	904.00	0.00	0.00
20180711151755	4000.00	904.00	0.00	0.00
20180711151756	4000.00	904.00	0.00	0.00
20180711151757	4000.00	904.00	0.00	0.00
20180711151758	4000.00	902.00	0.00	0.00
20180711151759	4000.00	902.00	0.00	0.00
20180711151800	4000.00	902.00	0.00	0.00
20180711151801	4000.00	902.00	0.00	0.00
20180711151802	4000.00	902.00	0.00	0.00
20180711151803	4000.00	902.00	0.00	0.00
20180711151804	4000.00	902.00	0.00	0.00
20180711151805	4000.00	902.00	0.00	0.00
20180711151806	4000.00	902.00	0.00	0.00
20180711151807	4000.00	902.00	0.00	0.00
20180711151808	4000.00	902.00	0.00	0.00
20180711151809	4000.00	903.00	0.00	0.00
20180711151810	4000.00	903.00	0.00	0.00
20180711151811	4000.00	901.00	0.00	0.00
20180711151812	4000.00	901.00	0.00	0.00
20180711151813	4000.00	901.00	0.00	0.00
20180711151814	4000.00	901.00	0.00	0.00
20180711151815	4000.00	900.00	0.00	0.00
20180711151816	4000.00	900.00	0.00	0.00
20180711151817	4000.00	901.00	0.00	0.00
20180711151818	4000.00	901.00	0.00	0.00
20180711151819	4000.00	901.00	0.00	0.00
20180711151820	4000.00	900.00	0.00	0.00
20180711151821	4000.00	900.00	0.00	0.00
20180711151822	4000.00	900.00	0.00	0.00
20180711151823	4000.00	900.00	0.00	0.00
20180711151824	4000.00	900.00	0.00	0.00
20180711151825	4000.00	900.00	0.00	0.00
20180711151826	4000.00	900.00	0.00	0.00
20180711151827	4000.00	900.00	0.00	0.00
20180711151828	4000.00	901.00	0.00	0.00
20180711151829	4000.00	901.00	0.00	0.00
20180711151830	4000.00	901.00	0.00	0.00
20180711151831	4200.00	900.00	0.00	0.00
20180711151832	4200.00	900.00	0.00	0.00
20180711151833	4000.00	900.00	0.00	0.00
20180711151834	4000.00	900.00	0.00	0.00
20180711151835	4000.00	898.00	0.00	0.00
20180711151836	4000.00	898.00	0.00	0.00
20180711151837	4000.00	898.00	0.00	0.00
20180711151838	4000.00	898.00	0.00	0.00
20180711151839	4000.00	898.00	0.00	0.00
20180711151840	4000.00	898.00	0.00	0.00
20180711151841	4000.00	898.00	0.00	0.00
20180711151842	4000.00	898.00	0.00	0.00
20180711151843	4000.00	898.00	0.00	0.00
20180711151844	4000.00	898.00	0.00	0.00
20180711151845	4000.00	898.00	0.00	0.00
20180711151846	4000.00	898.00	0.00	0.00
20180711151847	4000.00	899.00	0.00	0.00
20180711151848	4000.00	899.00	0.00	0.00
20180711151849	4000.00	898.00	0.00	0.00
20180711151850	4000.00	898.00	0.00	0.00
20180711151851	4000.00	898.00	0.00	0.00
20180711151852	4000.00	898.00	0.00	0.00
20180711151853	4000.00	898.00	0.00	0.00
20180711151854	4000.00	898.00	0.00	0.00
20180711151855	4000.00	898.00	0.00	0.00
20180711151856	4000.00	898.00	0.00	0.00
20180711151857	4000.00	898.00	0.00	0.00
20180711151858	4000.00	898.00	0.00	0.00
20180711151859	4000.00	898.00	0.00	0.00
20180711151900	4000.00	896.00	0.00	0.00
20180711151901	4000.00	896.00	0.00	0.00
20180711151902	4000.00	897.00	0.00	0.00
20180711151903	4000.00	897.00	0.00	0.00
20180711151904	4000.00	897.00	0.00	0.00
20180711151905	4000.00	897.00	0.00	0.00
20180711151906	4000.00	897.00	0.00	0.00
20180711151907	3800.00	896.00	0.00	0.00
20180711151908	3800.00	896.00	0.00	0.00
20180711151909	4000.00	896.00	0.00	0.00
20180711151910	4000.00	896.00	0.00	0.00
20180711151911	4000.00	897.00	0.00	0.00
20180711151912	4000.00	897.00	0.00	0.00
20180711151914	4000.00	896.00	0.00	0.00
20180711151915	4000.00	896.00	0.00	0.00
20180711151916	4000.00	896.00	0.00	0.00
20180711151917	3900.00	897.00	0.00	0.00
20180711151918	3900.00	897.00	0.00	0.00
20180711151919	4000.00	897.00	0.00	0.00
20180711151920	4000.00	897.00	0.00	0.00
20180711151921	4000.00	897.00	0.00	0.00
20180711151922	4000.00	897.00	0.00	0.00
20180711151923	4000.00	897.00	0.00	0.00
20180711151924	4000.00	897.00	0.00	0.00
20180711151925	4000.00	896.00	0.00	0.00
20180711151926	4000.00	896.00	0.00	0.00
20180711151927	4000.00	897.00	0.00	0.00
20180711151928	4000.00	897.00	0.00	0.00
20180711151929	3800.00	896.00	0.00	0.00
20180711151930	3800.00	896.00	0.00	0.00
20180711151931	4000.00	896.00	0.00	0.00
20180711151932	4000.00	896.00	0.00	0.00
20180711151933	4000.00	896.00	0.00	0.00
20180711151934	4000.00	896.00	0.00	0.00
20180711151935	4000.00	896.00	0.00	0.00
20180711151936	4000.00	897.00	0.00	0.00
20180711151937	4000.00	897.00	0.00	0.00
20180711151938	4000.00	896.00	0.00	0.00
20180711151939	4000.00	896.00	0.00	0.00
20180711151940	3900.00	896.00	0.00	0.00
20180711151941	3900.00	896.00	0.00	0.00
20180711151942	4000.00	896.00	0.00	0.00
20180711151943	4000.00	896.00	0.00	0.00
20180711151944	3900.00	896.00	0.00	0.00
20180711151945	3900.00	896.00	0.00	0.00
20180711151946	4000.00	894.00	0.00	0.00
20180711151947	4000.00	894.00	0.00	0.00
20180711151948	4000.00	895.00	0.00	0.00
20180711151949	4000.00	895.00	0.00	0.00
20180711151950	4000.00	895.00	0.00	0.00
20180711151951	4000.00	895.00	0.00	0.00
20180711151952	4000.00	895.00	0.00	0.00
20180711151953	4100.00	894.00	0.00	0.00
20180711151954	4100.00	894.00	0.00	0.00
20180711151955	4000.00	895.00	0.00	0.00
20180711151956	4000.00	895.00	0.00	0.00
20180711151957	4000.00	894.00	0.00	0.00
20180711151958	4000.00	894.00	0.00	0.00
20180711151959	4000.00	895.00	0.00	0.00
20180711152000	4000.00	895.00	0.00	0.00
20180711152001	4000.00	895.00	0.00	0.00
20180711152002	4000.00	895.00	0.00	0.00
20180711152003	4000.00	895.00	0.00	0.00
20180711152004	4000.00	894.00	0.00	0.00
20180711152005	4000.00	894.00	0.00	0.00
20180711152006	4000.00	894.00	0.00	0.00
20180711152007	4000.00	894.00	0.00	0.00
20180711152008	4000.00	895.00	0.00	0.00
20180711152009	4000.00	895.00	0.00	0.00
20180711152010	4000.00	894.00	0.00	0.00
20180711152011	4000.00	894.00	0.00	0.00
20180711152012	4000.00	894.00	0.00	0.00
20180711152013	4000.00	894.00	0.00	0.00
20180711152014	4000.00	895.00	0.00	0.00
20180711152015	4000.00	895.00	0.00	0.00
20180711152016	3900.00	894.00	0.00	0.00
20180711152017	3900.00	894.00	0.00	0.00
20180711152018	3900.00	894.00	0.00	0.00
20180711152019	4000.00	895.00	0.00	0.00
20180711152020	4000.00	895.00	0.00	0.00
20180711152021	4000.00	895.00	0.00	0.00
20180711152022	4000.00	895.00	0.00	0.00
20180711152023	4000.00	895.00	0.00	0.00
20180711152024	4000.00	895.00	0.00	0.00
20180711152025	4000.00	894.00	0.00	0.00
20180711152026	4000.00	894.00	0.00	0.00
20180711152027	4000.00	895.00	0.00	0.00
20180711152028	4000.00	895.00	0.00	0.00
20180711152029	4000.00	895.00	0.00	0.00
20180711152030	4000.00	895.00	0.00	0.00
20180711152031	4000.00	894.00	0.00	0.00
20180711152032	4000.00	894.00	0.00	0.00
20180711152033	4000.00	894.00	0.00	0.00
20180711152034	4000.00	894.00	0.00	0.00
20180711152035	4000.00	894.00	0.00	0.00
20180711152036	4000.00	894.00	0.00	0.00
20180711152037	4000.00	894.00	0.00	0.00
20180711152038	4000.00	894.00	0.00	0.00
20180711152039	4000.00	894.00	0.00	0.00
20180711152040	4000.00	894.00	0.00	0.00
20180711152041	4000.00	894.00	0.00	0.00
20180711152042	4000.00	894.00	0.00	0.00
20180711152043	4000.00	894.00	0.00	0.00
20180711152044	4000.00	895.00	0.00	0.00
20180711152045	4000.00	895.00	0.00	0.00
20180711152046	4000.00	894.00	0.00	0.00
20180711152047	4000.00	894.00	0.00	0.00
20180711152048	4000.00	892.00	0.00	0.00
20180711152049	4000.00	892.00	0.00	0.00
20180711152050	4000.00	892.00	0.00	0.00
20180711152051	4000.00	893.00	0.00	0.00
20180711152052	4000.00	893.00	0.00	0.00
20180711152053	4000.00	892.00	0.00	0.00
20180711152054	4000.00	892.00	0.00	0.00
20180711152055	4000.00	893.00	0.00	0.00
20180711152056	4000.00	893.00	0.00	0.00
20180711152057	4000.00	892.00	0.00	0.00
20180711152058	4000.00	892.00	0.00	0.00
20180711152059	4000.00	892.00	0.00	0.00
20180711152100	4000.00	892.00	0.00	0.00
20180711152101	4000.00	892.00	0.00	0.00
20180711152102	4000.00	892.00	0.00	0.00
20180711152103	4000.00	892.00	0.00	0.00
20180711152104	4000.00	893.00	0.00	0.00
20180711152105	4000.00	893.00	0.00	0.00
20180711152106	3800.00	892.00	0.00	0.00
20180711152107	3800.00	892.00	0.00	0.00
20180711152108	4000.00	893.00	0.00	0.00
20180711152109	4000.00	893.00	0.00	0.00
20180711152110	3900.00	893.00	0.00	0.00
20180711152111	3900.00	893.00	0.00	0.00
20180711152112	4200.00	892.00	0.00	0.00
20180711152113	4200.00	892.00	0.00	0.00
20180711152114	3900.00	892.00	0.00	0.00
20180711152115	3900.00	892.00	0.00	0.00
20180711152116	3900.00	892.00	0.00	0.00
20180711152117	3900.00	892.00	0.00	0.00
20180711152118	3700.00	892.00	0.00	0.00
20180711152119	3700.00	892.00	0.00	0.00
20180711152120	4000.00	892.00	0.00	0.00
20180711152121	4000.00	892.00	0.00	0.00
20180711152122	4000.00	892.00	0.00	0.00
20180711152123	4000.00	892.00	0.00	0.00
20180711152124	4000.00	892.00	0.00	0.00
20180711152125	3900.00	892.00	0.00	0.00
20180711152126	3900.00	892.00	0.00	0.00
20180711152127	3900.00	892.00	0.00	0.00
20180711152128	3900.00	892.00	0.00	0.00
20180711152129	4000.00	892.00	0.00	0.00
20180711152130	4000.00	892.00	0.00	0.00
20180711152131	3900.00	892.00	0.00	0.00
20180711152132	3900.00	892.00	0.00	0.00
20180711152133	4000.00	892.00	0.00	0.00
20180711152134	4000.00	892.00	0.00	0.00
20180711152135	4000.00	892.00	0.00	0.00
20180711152136	4000.00	892.00	0.00	0.00
20180711152137	4000.00	892.00	0.00	0.00
20180711152138	4000.00	893.00	0.00	0.00
20180711152139	4000.00	893.00	0.00	0.00
20180711152140	4000.00	892.00	0.00	0.00
20180711152141	4000.00	892.00	0.00	0.00
20180711152142	4000.00	892.00	0.00	0.00
20180711152143	4000.00	892.00	0.00	0.00
20180711152144	4000.00	892.00	0.00	0.00
20180711152145	4000.00	892.00	0.00	0.00
20180711152146	4000.00	893.00	0.00	0.00
20180711152147	4000.00	893.00	0.00	0.00
20180711152148	4000.00	893.00	0.00	0.00
20180711152149	4000.00	893.00	0.00	0.00
20180711152150	4000.00	893.00	0.00	0.00
20180711152151	4000.00	893.00	0.00	0.00
20180711152152	4000.00	893.00	0.00	0.00
20180711152153	3900.00	890.00	0.00	0.00
20180711152154	3900.00	890.00	0.00	0.00
20180711152155	4000.00	892.00	0.00	0.00
20180711152156	4000.00	892.00	0.00	0.00
20180711152157	4000.00	893.00	0.00	0.00
20180711152158	4000.00	893.00	0.00	0.00
20180711152159	3800.00	893.00	0.00	0.00
20180711152200	3800.00	893.00	0.00	0.00
20180711152201	4000.00	893.00	0.00	0.00
20180711152202	4000.00	893.00	0.00	0.00
20180711152203	4000.00	893.00	0.00	0.00
20180711152204	4000.00	893.00	0.00	0.00
20180711152205	4000.00	893.00	0.00	0.00
20180711152206	4000.00	-1980.00	0.00	0.00
20180711152207	4000.00	-1980.00	0.00	0.00
20180711152208	4000.00	-1980.00	0.00	0.00
20180711152209	4000.00	-1980.00	0.00	0.00
20180711152210	-198000.00	-1980.00	0.00	0.00
20180711152211	-198000.00	-1980.00	0.00	0.00
20180711152212	-198000.00	-1980.00	0.00	0.00
20180711152213	-198000.00	-1980.00	0.00	0.00
20180711152214	-198000.00	34.00	0.00	0.00
20180711152215	-198000.00	34.00	0.00	0.00
20180711152216	-198000.00	18.00	0.00	0.00
20180711152217	-198000.00	18.00	0.00	0.00
20180711152218	116300.00	25.00	0.00	0.00
20180711152219	116300.00	25.00	0.00	0.00
20180711152220	116300.00	25.00	0.00	0.00
20180711152221	106800.00	25.00	0.00	0.00
20180711152222	106800.00	25.00	0.00	0.00
20180711152223	104200.00	27.00	0.00	0.00
20180711152224	104200.00	27.00	0.00	0.00
20180711152225	102000.00	27.00	0.00	0.00
20180711152226	102000.00	27.00	0.00	0.00
20180711152227	100700.00	27.00	0.00	0.00
20180711152228	100700.00	27.00	0.00	0.00
20180711152229	100700.00	27.00	0.00	0.00
20180711152230	99500.00	28.00	0.00	0.00
20180711152231	99500.00	28.00	0.00	0.00
20180711152232	98700.00	26.00	0.00	0.00
20180711152233	98700.00	26.00	0.00	0.00
20180711152234	98200.00	28.00	0.00	0.00
20180711152235	98200.00	28.00	0.00	0.00
20180711152236	97700.00	28.00	0.00	0.00
20180711152237	97700.00	28.00	0.00	0.00
20180711152238	97300.00	29.00	0.00	0.00
