20180711155856	0.00	0.00	0.00	0.00
20180711155858	0.00	0.00	0.00	0.00
20180711155859	0.00	0.00	0.00	0.00
20180711155900	0.00	0.00	0.00	0.00
20180711155901	0.00	0.00	0.00	0.00
20180711155902	0.00	0.00	0.00	0.00
20180711155903	0.00	0.00	0.00	0.00
20180711155904	8200.00	30.00	0.00	0.00
20180711155905	8200.00	30.00	0.00	0.00
20180711155906	8200.00	30.00	0.00	0.00
20180711155907	8200.00	28.00	0.00	0.00
20180711155908	8200.00	28.00	0.00	0.00
20180711155909	8200.00	28.00	0.00	0.00
20180711155910	8200.00	28.00	0.00	0.00
20180711155911	8300.00	28.00	0.00	0.00
20180711155912	8300.00	28.00	0.00	0.00
20180711155913	8300.00	28.00	0.00	0.00
20180711155914	8200.00	28.00	0.00	0.00
20180711155915	8200.00	28.00	0.00	0.00
20180711155916	8300.00	28.00	0.00	0.00
20180711155917	8300.00	28.00	0.00	0.00
20180711155918	8300.00	28.00	0.00	0.00
20180711155919	8300.00	28.00	0.00	0.00
20180711155920	35900.00	28.00	0.00	0.00
20180711155921	35900.00	28.00	0.00	0.00
20180711155922	89000.00	29.00	0.00	0.00
20180711155923	89000.00	29.00	0.00	0.00
20180711155924	89000.00	29.00	0.00	0.00
20180711155925	89000.00	29.00	0.00	0.00
20180711155926	89000.00	29.00	0.00	0.00
20180711155927	89000.00	29.00	0.00	0.00
20180711155928	89000.00	29.00	0.00	0.00
20180711155929	89000.00	29.00	0.00	0.00
20180711155930	89000.00	29.00	0.00	0.00
20180711155931	89000.00	29.00	0.00	0.00
20180711155932	89000.00	29.00	0.00	0.00
20180711155933	89000.00	29.00	0.00	0.00
20180711155934	89000.00	29.00	0.00	0.00
20180711155935	106200.00	29.00	0.00	0.00
20180711155936	106200.00	29.00	0.00	0.00
20180711155937	108700.00	29.00	0.00	0.00
20180711155938	108700.00	29.00	0.00	0.00
20180711155939	108100.00	29.00	0.00	0.00
20180711155940	108100.00	29.00	0.00	0.00
20180711155941	107500.00	28.00	0.00	0.00
20180711155942	107500.00	28.00	0.00	0.00
20180711155943	107200.00	28.00	0.00	0.00
20180711155944	107200.00	28.00	0.00	0.00
20180711155945	106600.00	28.00	0.00	0.00
20180711155946	106600.00	28.00	0.00	0.00
20180711155947	106400.00	29.00	0.00	0.00
20180711155948	106400.00	29.00	0.00	0.00
20180711155949	106000.00	31.00	0.00	0.00
20180711155950	106000.00	31.00	0.00	0.00
20180711155951	105600.00	30.00	0.00	0.00
20180711155952	105600.00	30.00	0.00	0.00
20180711155953	105600.00	30.00	0.00	0.00
20180711155954	105400.00	29.00	0.00	0.00
20180711155955	105400.00	29.00	0.00	0.00
20180711155956	105400.00	29.00	0.00	0.00
20180711155957	105400.00	29.00	0.00	0.00
20180711155958	105400.00	29.00	0.00	0.00
20180711155959	105400.00	29.00	0.00	0.00
20180711160000	105400.00	29.00	0.00	0.00
20180711160001	105400.00	29.00	0.00	0.00
20180711160002	105400.00	29.00	0.00	0.00
20180711160003	105400.00	29.00	0.00	0.00
20180711160004	105400.00	29.00	0.00	0.00
20180711160005	105400.00	29.00	0.00	0.00
20180711160006	105200.00	29.00	0.00	0.00
20180711160007	105200.00	29.00	0.00	0.00
20180711160008	105200.00	29.00	0.00	0.00
20180711160009	105200.00	29.00	0.00	0.00
20180711160010	105200.00	29.00	0.00	0.00
20180711160011	105200.00	29.00	0.00	0.00
20180711160012	105200.00	29.00	0.00	0.00
20180711160013	105200.00	29.00	0.00	0.00
20180711160014	105200.00	29.00	0.00	0.00
20180711160015	105200.00	29.00	0.00	0.00
20180711160016	105200.00	29.00	0.00	0.00
20180711160017	105200.00	29.00	0.00	0.00
20180711160018	104800.00	29.00	0.00	0.00
20180711160019	104800.00	29.00	0.00	0.00
20180711160020	103800.00	29.00	0.00	0.00
20180711160021	103800.00	29.00	0.00	0.00
20180711160022	1031.00	29.00	0.00	0.00
20180711160023	1031.00	29.00	0.00	0.00
20180711160024	1031.00	29.00	0.00	0.00
20180711160025	1031.00	28.00	0.00	0.00
20180711160026	1031.00	28.00	0.00	0.00
20180711160027	1029.00	30.00	0.00	0.00
20180711160028	1029.00	30.00	0.00	0.00
20180711160029	1027.00	28.00	0.00	0.00
20180711160030	1027.00	28.00	0.00	0.00
20180711160031	1026.00	28.00	0.00	0.00
20180711160032	1026.00	28.00	0.00	0.00
20180711160033	1025.00	29.00	0.00	0.00
20180711160034	1025.00	29.00	0.00	0.00
20180711160035	1025.00	29.00	0.00	0.00
20180711160036	1025.00	29.00	0.00	0.00
20180711160037	1025.00	29.00	0.00	0.00
20180711160038	1023.00	29.00	0.00	0.00
20180711160039	1023.00	29.00	0.00	0.00
20180711160040	1023.00	29.00	0.00	0.00
20180711160041	1023.00	29.00	0.00	0.00
20180711160042	1022.00	29.00	0.00	0.00
20180711160043	1022.00	29.00	0.00	0.00
20180711160044	1021.00	29.00	0.00	0.00
20180711160045	1021.00	29.00	0.00	0.00
20180711160046	1021.00	29.00	0.00	0.00
20180711160047	1021.00	29.00	0.00	0.00
20180711160048	1018.00	29.00	0.00	0.00
20180711160049	1018.00	29.00	0.00	0.00
20180711160050	1018.00	29.00	0.00	0.00
20180711160051	1019.00	29.00	0.00	0.00
20180711160052	1019.00	29.00	0.00	0.00
20180711160053	1019.00	29.00	0.00	0.00
20180711160054	1019.00	29.00	0.00	0.00
20180711160055	1017.00	29.00	0.00	0.00
20180711160056	1017.00	29.00	0.00	0.00
20180711160057	1017.00	29.00	0.00	0.00
20180711160058	1017.00	29.00	0.00	0.00
20180711160059	1015.00	31.00	0.00	0.00
20180711160100	1015.00	31.00	0.00	0.00
20180711160101	1015.00	31.00	0.00	0.00
20180711160102	1015.00	28.00	0.00	0.00
20180711160103	1015.00	28.00	0.00	0.00
20180711160104	1015.00	31.00	0.00	0.00
20180711160105	1015.00	31.00	0.00	0.00
20180711160106	1013.00	29.00	0.00	0.00
20180711160107	1013.00	29.00	0.00	0.00
20180711160108	1013.00	29.00	0.00	0.00
20180711160109	1013.00	29.00	0.00	0.00
20180711160110	1013.00	30.00	0.00	0.00
20180711160111	1013.00	30.00	0.00	0.00
20180711160112	1013.00	29.00	0.00	0.00
20180711160113	1013.00	29.00	0.00	0.00
20180711160114	1011.00	29.00	0.00	0.00
20180711160115	1011.00	29.00	0.00	0.00
20180711160116	1011.00	29.00	0.00	0.00
20180711160117	1011.00	29.00	0.00	0.00
20180711160118	1011.00	29.00	0.00	0.00
20180711160119	1011.00	29.00	0.00	0.00
20180711160120	1011.00	29.00	0.00	0.00
20180711160121	1011.00	29.00	0.00	0.00
20180711160122	1011.00	29.00	0.00	0.00
20180711160123	1011.00	29.00	0.00	0.00
20180711160124	1011.00	29.00	0.00	0.00
20180711160125	1011.00	29.00	0.00	0.00
20180711160126	1011.00	29.00	0.00	0.00
20180711160127	1011.00	29.00	0.00	0.00
20180711160128	1011.00	28.00	0.00	0.00
20180711160129	1011.00	28.00	0.00	0.00
20180711160130	1011.00	28.00	0.00	0.00
