20180605153533	8490.00	0.00	0.00	0.00
20180605153534	8490.00	0.00	0.00	0.00
20180605153535	8490.00	0.00	0.00	0.00
20180605153536	8490.00	0.00	0.00	0.00
20180605153537	8490.00	0.00	0.00	0.00
20180605153538	8490.00	0.00	0.00	0.00
20180605153539	8490.00	0.00	0.00	0.00
20180605153540	8490.00	0.00	0.00	0.00
20180605153541	8490.00	0.00	0.00	0.00
20180605153542	8490.00	0.00	0.00	0.00
20180605153543	8490.00	0.00	0.00	0.00
20180605153544	8490.00	0.00	0.00	0.00
20180605153545	8500.00	0.00	0.00	0.00
20180605153546	8500.00	0.00	0.00	0.00
20180605153547	8500.00	0.00	0.00	0.00
20180605153548	8490.00	0.00	0.00	0.00
20180605153549	8490.00	0.00	0.00	0.00
20180605153550	8490.00	0.00	0.00	0.00
20180605153551	8490.00	0.00	0.00	0.00
20180605153552	8490.00	0.00	0.00	0.00
20180605153553	8490.00	0.00	0.00	0.00
20180605153554	8490.00	0.00	0.00	0.00
20180605153555	8490.00	0.00	0.00	0.00
20180605153556	8490.00	0.00	0.00	0.00
20180605153557	8490.00	0.00	0.00	0.00
20180605153558	8500.00	0.00	0.00	0.00
20180605153559	8500.00	0.00	0.00	0.00
20180605153600	8500.00	0.00	0.00	0.00
20180605153601	8490.00	0.00	0.00	0.00
20180605153602	8490.00	0.00	0.00	0.00
20180605153603	8490.00	0.00	0.00	0.00
20180605153604	8490.00	0.00	0.00	0.00
20180605153605	8490.00	0.00	0.00	0.00
20180605153606	8490.00	0.00	0.00	0.00
20180605153607	8490.00	0.00	0.00	0.00
20180605153608	8490.00	0.00	0.00	0.00
20180605153609	8490.00	0.00	0.00	0.00
20180605153610	8490.00	0.00	0.00	0.00
20180605153611	8490.00	0.00	0.00	0.00
20180605153612	8490.00	0.00	0.00	0.00
20180605153613	8490.00	0.00	0.00	0.00
20180605153614	8490.00	0.00	0.00	0.00
20180605153615	8500.00	0.00	0.00	0.00
20180605153616	8500.00	0.00	0.00	0.00
20180605153617	8490.00	0.00	0.00	0.00
20180605153618	8490.00	0.00	0.00	0.00
20180605153619	8490.00	0.00	0.00	0.00
20180605153620	8500.00	0.00	0.00	0.00
20180605153621	8500.00	0.00	0.00	0.00
20180605153622	8490.00	0.00	0.00	0.00
20180605153623	8490.00	0.00	0.00	0.00
20180605153624	8490.00	0.00	0.00	0.00
20180605153625	8490.00	0.00	0.00	0.00
20180605153626	8490.00	0.00	0.00	0.00
20180605153627	8490.00	0.00	0.00	0.00
20180605153628	8490.00	0.00	0.00	0.00
20180605153629	8490.00	0.00	0.00	0.00
20180605153630	8490.00	0.00	0.00	0.00
20180605153631	8490.00	0.00	0.00	0.00
20180605153632	8490.00	0.00	0.00	0.00
20180605153633	8490.00	0.00	0.00	0.00
20180605153634	8490.00	0.00	0.00	0.00
20180605153635	8490.00	0.00	0.00	0.00
20180605153636	8490.00	0.00	0.00	0.00
20180605153637	8490.00	0.00	0.00	0.00
20180605153638	8490.00	0.00	0.00	0.00
20180605153639	8490.00	0.00	0.00	0.00
20180605153640	8490.00	0.00	0.00	0.00
20180605153641	8490.00	0.00	0.00	0.00
20180605153642	8490.00	0.00	0.00	0.00
20180605153643	8490.00	0.00	0.00	0.00
20180605153644	8490.00	0.00	0.00	0.00
20180605153645	8490.00	0.00	0.00	0.00
20180605153646	8490.00	0.00	0.00	0.00
20180605153647	8490.00	0.00	0.00	0.00
20180605153648	8490.00	0.00	0.00	0.00
20180605153649	8490.00	0.00	0.00	0.00
20180605153650	8490.00	0.00	0.00	0.00
20180605153651	8490.00	0.00	0.00	0.00
20180605153652	8490.00	0.00	0.00	0.00
20180605153653	8490.00	0.00	0.00	0.00
20180605153654	8490.00	0.00	0.00	0.00
20180605153655	8490.00	0.00	0.00	0.00
20180605153656	8490.00	0.00	0.00	0.00
20180605153657	8490.00	0.00	0.00	0.00
20180605153658	8490.00	0.00	0.00	0.00
20180605153659	8490.00	0.00	0.00	0.00
20180605153700	8490.00	0.00	0.00	0.00
20180605153701	8490.00	0.00	0.00	0.00
20180605153702	8490.00	0.00	0.00	0.00
20180605153703	8500.00	0.00	0.00	0.00
20180605153704	8500.00	0.00	0.00	0.00
20180605153705	8490.00	0.00	0.00	0.00
20180605153706	8490.00	0.00	0.00	0.00
20180605153707	8500.00	0.00	0.00	0.00
20180605153708	8500.00	0.00	0.00	0.00
20180605153709	8500.00	0.00	0.00	0.00
20180605153710	8490.00	0.00	0.00	0.00
20180605153711	8490.00	0.00	0.00	0.00
20180605153712	8490.00	0.00	0.00	0.00
20180605153713	8490.00	0.00	0.00	0.00
20180605153714	8490.00	0.00	0.00	0.00
20180605153715	8490.00	0.00	0.00	0.00
20180605153716	8490.00	0.00	0.00	0.00
20180605153717	8490.00	0.00	0.00	0.00
20180605153718	8490.00	0.00	0.00	0.00
20180605153719	8490.00	0.00	0.00	0.00
20180605153720	8490.00	0.00	0.00	0.00
20180605153721	8490.00	0.00	0.00	0.00
20180605153722	8490.00	0.00	0.00	0.00
20180605153723	8490.00	0.00	0.00	0.00
20180605153724	8490.00	0.00	0.00	0.00
20180605153725	8490.00	0.00	0.00	0.00
20180605153726	8490.00	0.00	0.00	0.00
20180605153727	8490.00	0.00	0.00	0.00
20180605153728	8490.00	0.00	0.00	0.00
20180605153729	8500.00	0.00	0.00	0.00
20180605153730	8500.00	0.00	0.00	0.00
20180605153731	8490.00	0.00	0.00	0.00
20180605153732	8490.00	0.00	0.00	0.00
20180605153733	8490.00	0.00	0.00	0.00
20180605153734	8490.00	0.00	0.00	0.00
20180605153735	8490.00	0.00	0.00	0.00
20180605153736	8490.00	0.00	0.00	0.00
20180605153737	8490.00	0.00	0.00	0.00
20180605153738	8490.00	0.00	0.00	0.00
20180605153739	8490.00	0.00	0.00	0.00
20180605153740	8500.00	0.00	0.00	0.00
20180605153741	8500.00	0.00	0.00	0.00
20180605153742	8500.00	0.00	0.00	0.00
20180605153743	8500.00	0.00	0.00	0.00
20180605153744	8500.00	0.00	0.00	0.00
20180605153745	8500.00	0.00	0.00	0.00
20180605153746	8490.00	0.00	0.00	0.00
20180605153747	8490.00	0.00	0.00	0.00
20180605153748	8490.00	0.00	0.00	0.00
20180605153749	8490.00	0.00	0.00	0.00
20180605153750	8490.00	0.00	0.00	0.00
20180605153751	8490.00	0.00	0.00	0.00
20180605153752	8490.00	0.00	0.00	0.00
20180605153753	8490.00	0.00	0.00	0.00
20180605153754	8490.00	0.00	0.00	0.00
20180605153755	8490.00	0.00	0.00	0.00
20180605153756	8490.00	0.00	0.00	0.00
20180605153757	8490.00	0.00	0.00	0.00
20180605153758	8490.00	0.00	0.00	0.00
20180605153759	8490.00	0.00	0.00	0.00
20180605153800	8490.00	0.00	0.00	0.00
20180605153801	8490.00	0.00	0.00	0.00
20180605153802	8490.00	0.00	0.00	0.00
20180605153803	8490.00	0.00	0.00	0.00
20180605153804	8490.00	0.00	0.00	0.00
20180605153805	8490.00	0.00	0.00	0.00
20180605153806	8490.00	0.00	0.00	0.00
20180605153807	8490.00	0.00	0.00	0.00
20180605153808	8490.00	0.00	0.00	0.00
20180605153809	8490.00	0.00	0.00	0.00
20180605153810	8500.00	0.00	0.00	0.00
20180605153811	8500.00	0.00	0.00	0.00
20180605153812	8500.00	0.00	0.00	0.00
20180605153813	8500.00	0.00	0.00	0.00
20180605153814	8490.00	0.00	0.00	0.00
20180605153815	8490.00	0.00	0.00	0.00
20180605153816	8490.00	0.00	0.00	0.00
20180605153817	8490.00	0.00	0.00	0.00
20180605153818	8490.00	0.00	0.00	0.00
20180605153819	8490.00	0.00	0.00	0.00
20180605153820	8490.00	0.00	0.00	0.00
20180605153821	8490.00	0.00	0.00	0.00
20180605153822	8490.00	0.00	0.00	0.00
20180605153823	8490.00	0.00	0.00	0.00
20180605153824	8490.00	0.00	0.00	0.00
20180605153825	8490.00	0.00	0.00	0.00
20180605153826	8490.00	0.00	0.00	0.00
20180605153827	8490.00	0.00	0.00	0.00
20180605153828	8490.00	0.00	0.00	0.00
20180605153829	8490.00	0.00	0.00	0.00
20180605153830	8490.00	0.00	0.00	0.00
20180605153831	8490.00	0.00	0.00	0.00
20180605153832	8500.00	0.00	0.00	0.00
20180605153833	8500.00	0.00	0.00	0.00
20180605153834	8490.00	0.00	0.00	0.00
20180605153835	8490.00	0.00	0.00	0.00
20180605153836	8490.00	0.00	0.00	0.00
20180605153837	8490.00	0.00	0.00	0.00
20180605153838	8490.00	0.00	0.00	0.00
20180605153839	8490.00	0.00	0.00	0.00
20180605153840	8490.00	0.00	0.00	0.00
20180605153841	8490.00	0.00	0.00	0.00
20180605153842	8500.00	0.00	0.00	0.00
20180605153843	8500.00	0.00	0.00	0.00
20180605153844	8500.00	0.00	0.00	0.00
20180605153845	8500.00	0.00	0.00	0.00
20180605153846	8490.00	0.00	0.00	0.00
20180605153847	8490.00	0.00	0.00	0.00
20180605153848	8490.00	0.00	0.00	0.00
20180605153849	8490.00	0.00	0.00	0.00
20180605153850	8490.00	0.00	0.00	0.00
20180605153851	8490.00	0.00	0.00	0.00
20180605153852	8490.00	0.00	0.00	0.00
20180605153853	8490.00	0.00	0.00	0.00
20180605153854	8490.00	0.00	0.00	0.00
20180605153855	8490.00	0.00	0.00	0.00
20180605153856	8490.00	0.00	0.00	0.00
20180605153857	8490.00	0.00	0.00	0.00
20180605153858	8500.00	0.00	0.00	0.00
20180605153859	8500.00	0.00	0.00	0.00
20180605153900	8500.00	0.00	0.00	0.00
20180605153901	8500.00	0.00	0.00	0.00
20180605153902	8500.00	0.00	0.00	0.00
20180605153903	8500.00	0.00	0.00	0.00
20180605153904	8500.00	0.00	0.00	0.00
20180605153905	8500.00	0.00	0.00	0.00
20180605153906	8500.00	0.00	0.00	0.00
20180605153907	8500.00	0.00	0.00	0.00
20180605153908	8490.00	0.00	0.00	0.00
20180605153909	8490.00	0.00	0.00	0.00
20180605153910	8490.00	0.00	0.00	0.00
20180605153911	8490.00	0.00	0.00	0.00
20180605153912	8490.00	0.00	0.00	0.00
20180605153913	8490.00	0.00	0.00	0.00
20180605153914	8490.00	0.00	0.00	0.00
20180605153915	8490.00	0.00	0.00	0.00
20180605153916	8490.00	0.00	0.00	0.00
20180605153917	8490.00	0.00	0.00	0.00
20180605153918	8490.00	0.00	0.00	0.00
20180605153919	8490.00	0.00	0.00	0.00
20180605153919	8490.00	0.00	0.00	0.00
20180605153920	8490.00	0.00	0.00	0.00
20180605153921	8490.00	0.00	0.00	0.00
20180605153922	8490.00	0.00	0.00	0.00
20180605153923	8490.00	0.00	0.00	0.00
20180605153924	8490.00	0.00	0.00	0.00
20180605153925	8490.00	0.00	0.00	0.00
20180605153926	8490.00	0.00	0.00	0.00
20180605153927	8490.00	0.00	0.00	0.00
20180605153928	8490.00	0.00	0.00	0.00
20180605153929	8490.00	0.00	0.00	0.00
20180605153930	8490.00	0.00	0.00	0.00
20180605153931	8490.00	0.00	0.00	0.00
20180605153932	8490.00	0.00	0.00	0.00
20180605153933	8490.00	0.00	0.00	0.00
20180605153934	8490.00	0.00	0.00	0.00
20180605153935	8490.00	0.00	0.00	0.00
20180605153936	8500.00	0.00	0.00	0.00
20180605153937	8500.00	0.00	0.00	0.00
20180605153938	8510.00	0.00	0.00	0.00
20180605153939	8510.00	0.00	0.00	0.00
20180605153940	8490.00	0.00	0.00	0.00
20180605153941	8490.00	0.00	0.00	0.00
20180605153942	8490.00	0.00	0.00	0.00
20180605153943	8490.00	0.00	0.00	0.00
20180605153944	8490.00	0.00	0.00	0.00
20180605153945	8490.00	0.00	0.00	0.00
20180605153946	8490.00	0.00	0.00	0.00
20180605153947	8490.00	0.00	0.00	0.00
20180605153948	8490.00	0.00	0.00	0.00
20180605153949	8490.00	0.00	0.00	0.00
20180605153950	8490.00	0.00	0.00	0.00
20180605153951	8490.00	0.00	0.00	0.00
20180605153952	8490.00	0.00	0.00	0.00
20180605153953	8490.00	0.00	0.00	0.00
20180605153954	8490.00	0.00	0.00	0.00
20180605153955	8490.00	0.00	0.00	0.00
20180605153956	8490.00	0.00	0.00	0.00
20180605153957	8500.00	0.00	0.00	0.00
20180605153958	8500.00	0.00	0.00	0.00
20180605153959	8490.00	0.00	0.00	0.00
20180605154000	8490.00	0.00	0.00	0.00
20180605154001	8490.00	0.00	0.00	0.00
20180605154002	8490.00	0.00	0.00	0.00
20180605154003	8490.00	0.00	0.00	0.00
20180605154004	8490.00	0.00	0.00	0.00
20180605154005	8490.00	0.00	0.00	0.00
20180605154006	8500.00	0.00	0.00	0.00
20180605154007	8500.00	0.00	0.00	0.00
20180605154008	8500.00	0.00	0.00	0.00
20180605154009	8500.00	0.00	0.00	0.00
20180605154010	8490.00	0.00	0.00	0.00
20180605154011	8490.00	0.00	0.00	0.00
20180605154012	8500.00	0.00	0.00	0.00
20180605154013	8500.00	0.00	0.00	0.00
20180605154014	8490.00	0.00	0.00	0.00
20180605154015	8490.00	0.00	0.00	0.00
20180605154016	8490.00	0.00	0.00	0.00
20180605154017	8490.00	0.00	0.00	0.00
20180605154018	8490.00	0.00	0.00	0.00
20180605154019	8500.00	0.00	0.00	0.00
20180605154020	8500.00	0.00	0.00	0.00
20180605154021	8490.00	0.00	0.00	0.00
20180605154022	8490.00	0.00	0.00	0.00
20180605154023	8490.00	0.00	0.00	0.00
20180605154024	8490.00	0.00	0.00	0.00
20180605154025	8490.00	0.00	0.00	0.00
20180605154026	8490.00	0.00	0.00	0.00
20180605154027	8490.00	0.00	0.00	0.00
20180605154028	8490.00	0.00	0.00	0.00
20180605154029	8490.00	0.00	0.00	0.00
20180605154030	8490.00	0.00	0.00	0.00
20180605154031	8490.00	0.00	0.00	0.00
20180605154032	8490.00	0.00	0.00	0.00
20180605154033	8490.00	0.00	0.00	0.00
20180605154034	8490.00	0.00	0.00	0.00
20180605154035	8490.00	0.00	0.00	0.00
20180605154036	8490.00	0.00	0.00	0.00
20180605154037	8490.00	0.00	0.00	0.00
20180605154038	8490.00	0.00	0.00	0.00
20180605154039	8490.00	0.00	0.00	0.00
20180605154040	8490.00	0.00	0.00	0.00
20180605154041	8490.00	0.00	0.00	0.00
20180605154042	8490.00	0.00	0.00	0.00
20180605154043	8490.00	0.00	0.00	0.00
20180605154044	8490.00	0.00	0.00	0.00
20180605154045	8490.00	0.00	0.00	0.00
20180605154046	8490.00	0.00	0.00	0.00
20180605154047	8490.00	0.00	0.00	0.00
20180605154048	8490.00	0.00	0.00	0.00
20180605154049	8490.00	0.00	0.00	0.00
20180605154050	8490.00	0.00	0.00	0.00
20180605154051	8490.00	0.00	0.00	0.00
20180605154052	8490.00	0.00	0.00	0.00
20180605154053	8490.00	0.00	0.00	0.00
20180605154054	8490.00	0.00	0.00	0.00
20180605154055	8510.00	0.00	0.00	0.00
20180605154056	8510.00	0.00	0.00	0.00
20180605154057	8500.00	0.00	0.00	0.00
20180605154058	8500.00	0.00	0.00	0.00
20180605154059	8500.00	0.00	0.00	0.00
20180605154100	8500.00	0.00	0.00	0.00
20180605154101	8500.00	0.00	0.00	0.00
20180605154102	8500.00	0.00	0.00	0.00
20180605154103	8500.00	0.00	0.00	0.00
20180605154104	8500.00	0.00	0.00	0.00
20180605154105	8500.00	0.00	0.00	0.00
20180605154106	8490.00	0.00	0.00	0.00
20180605154107	8490.00	0.00	0.00	0.00
20180605154108	8490.00	0.00	0.00	0.00
20180605154109	8500.00	0.00	0.00	0.00
20180605154110	8500.00	0.00	0.00	0.00
20180605154111	8500.00	0.00	0.00	0.00
20180605154112	8500.00	0.00	0.00	0.00
20180605154113	8510.00	0.00	0.00	0.00
20180605154114	8510.00	0.00	0.00	0.00
20180605154115	8490.00	0.00	0.00	0.00
20180605154116	8490.00	0.00	0.00	0.00
20180605154117	8500.00	0.00	0.00	0.00
20180605154118	8500.00	0.00	0.00	0.00
20180605154119	8510.00	0.00	0.00	0.00
20180605154120	8510.00	0.00	0.00	0.00
20180605154121	8510.00	0.00	0.00	0.00
20180605154122	8510.00	0.00	0.00	0.00
20180605154123	8510.00	0.00	0.00	0.00
20180605154124	8510.00	0.00	0.00	0.00
20180605154125	8510.00	0.00	0.00	0.00
20180605154126	8500.00	0.00	0.00	0.00
20180605154127	8500.00	0.00	0.00	0.00
20180605154128	8490.00	0.00	0.00	0.00
20180605154129	8490.00	0.00	0.00	0.00
20180605154130	8490.00	0.00	0.00	0.00
20180605154131	8490.00	0.00	0.00	0.00
20180605154132	8510.00	0.00	0.00	0.00
20180605154133	8510.00	0.00	0.00	0.00
20180605154134	8490.00	0.00	0.00	0.00
20180605154135	8490.00	0.00	0.00	0.00
20180605154136	8490.00	0.00	0.00	0.00
20180605154137	8490.00	0.00	0.00	0.00
20180605154138	8490.00	0.00	0.00	0.00
20180605154139	8490.00	0.00	0.00	0.00
20180605154140	8490.00	0.00	0.00	0.00
20180605154141	8490.00	0.00	0.00	0.00
20180605154142	8490.00	0.00	0.00	0.00
20180605154143	8490.00	0.00	0.00	0.00
20180605154144	8490.00	0.00	0.00	0.00
20180605154145	8490.00	0.00	0.00	0.00
20180605154146	8510.00	0.00	0.00	0.00
20180605154147	8510.00	0.00	0.00	0.00
20180605154148	8490.00	0.00	0.00	0.00
20180605154149	8490.00	0.00	0.00	0.00
20180605154150	8490.00	0.00	0.00	0.00
20180605154151	8490.00	0.00	0.00	0.00
20180605154152	8510.00	0.00	0.00	0.00
20180605154153	8510.00	0.00	0.00	0.00
20180605154154	8510.00	0.00	0.00	0.00
20180605154155	8510.00	0.00	0.00	0.00
20180605154156	8510.00	0.00	0.00	0.00
20180605154157	8510.00	0.00	0.00	0.00
20180605154158	8510.00	0.00	0.00	0.00
20180605154159	8510.00	0.00	0.00	0.00
20180605154200	8490.00	0.00	0.00	0.00
20180605154201	8490.00	0.00	0.00	0.00
20180605154202	8510.00	0.00	0.00	0.00
20180605154203	8510.00	0.00	0.00	0.00
20180605154204	8510.00	0.00	0.00	0.00
20180605154205	8510.00	0.00	0.00	0.00
20180605154206	8510.00	0.00	0.00	0.00
20180605154207	8510.00	0.00	0.00	0.00
20180605154208	8510.00	0.00	0.00	0.00
20180605154209	8510.00	0.00	0.00	0.00
20180605154210	8510.00	0.00	0.00	0.00
20180605154211	8490.00	0.00	0.00	0.00
20180605154212	8490.00	0.00	0.00	0.00
20180605154213	8510.00	0.00	0.00	0.00
20180605154214	8510.00	0.00	0.00	0.00
20180605154215	8510.00	0.00	0.00	0.00
20180605154216	8510.00	0.00	0.00	0.00
20180605154217	8510.00	0.00	0.00	0.00
20180605154218	8510.00	0.00	0.00	0.00
20180605154219	8510.00	0.00	0.00	0.00
20180605154220	8490.00	0.00	0.00	0.00
20180605154221	8490.00	0.00	0.00	0.00
20180605154222	8510.00	0.00	0.00	0.00
20180605154223	8510.00	0.00	0.00	0.00
20180605154224	8510.00	0.00	0.00	0.00
20180605154225	8510.00	0.00	0.00	0.00
20180605154226	8510.00	0.00	0.00	0.00
20180605154227	8510.00	0.00	0.00	0.00
20180605154228	8510.00	0.00	0.00	0.00
20180605154229	8510.00	0.00	0.00	0.00
20180605154230	8510.00	0.00	0.00	0.00
20180605154231	8510.00	0.00	0.00	0.00
20180605154232	8510.00	0.00	0.00	0.00
20180605154233	8510.00	0.00	0.00	0.00
20180605154234	8510.00	0.00	0.00	0.00
20180605154235	8500.00	0.00	0.00	0.00
20180605154236	8500.00	0.00	0.00	0.00
20180605154237	8510.00	0.00	0.00	0.00
20180605154238	8510.00	0.00	0.00	0.00
20180605154239	8510.00	0.00	0.00	0.00
20180605154240	8510.00	0.00	0.00	0.00
20180605154241	8510.00	0.00	0.00	0.00
20180605154242	8510.00	0.00	0.00	0.00
20180605154243	8510.00	0.00	0.00	0.00
20180605154244	8500.00	0.00	0.00	0.00
20180605154245	8500.00	0.00	0.00	0.00
20180605154246	8510.00	0.00	0.00	0.00
20180605154247	8510.00	0.00	0.00	0.00
20180605154248	8520.00	0.00	0.00	0.00
20180605154249	8520.00	0.00	0.00	0.00
20180605154250	8520.00	0.00	0.00	0.00
20180605154251	8510.00	0.00	0.00	0.00
20180605154252	8510.00	0.00	0.00	0.00
20180605154253	8510.00	0.00	0.00	0.00
20180605154254	8510.00	0.00	0.00	0.00
20180605154255	8510.00	0.00	0.00	0.00
20180605154256	8510.00	0.00	0.00	0.00
20180605154257	8510.00	0.00	0.00	0.00
20180605154258	8510.00	0.00	0.00	0.00
20180605154259	8510.00	0.00	0.00	0.00
20180605154300	8510.00	0.00	0.00	0.00
20180605154301	8510.00	0.00	0.00	0.00
20180605154302	8510.00	0.00	0.00	0.00
20180605154303	8510.00	0.00	0.00	0.00
20180605154304	8510.00	0.00	0.00	0.00
20180605154305	8510.00	0.00	0.00	0.00
20180605154306	8510.00	0.00	0.00	0.00
20180605154307	8510.00	0.00	0.00	0.00
20180605154308	8510.00	0.00	0.00	0.00
20180605154309	8490.00	0.00	0.00	0.00
20180605154310	8490.00	0.00	0.00	0.00
20180605154311	8490.00	0.00	0.00	0.00
20180605154312	8510.00	0.00	0.00	0.00
20180605154313	8510.00	0.00	0.00	0.00
20180605154314	7510.00	0.00	0.00	0.00
20180605154315	7510.00	0.00	0.00	0.00
20180605154316	5530.00	0.00	0.00	0.00
20180605154317	5530.00	0.00	0.00	0.00
20180605154318	6300.00	0.00	0.00	0.00
20180605154319	6300.00	0.00	0.00	0.00
20180605154320	4330.00	0.00	0.00	0.00
20180605154321	4330.00	0.00	0.00	0.00
20180605154322	4330.00	0.00	0.00	0.00
20180605154323	4960.00	0.00	0.00	0.00
20180605154324	4960.00	0.00	0.00	0.00
20180605154325	5350.00	0.00	0.00	0.00
20180605154326	5350.00	0.00	0.00	0.00
20180605154327	5720.00	0.00	0.00	0.00
20180605154328	5720.00	0.00	0.00	0.00
20180605154329	4610.00	0.00	0.00	0.00
20180605154330	4610.00	0.00	0.00	0.00
20180605154331	5020.00	0.00	0.00	0.00
20180605154332	5020.00	0.00	0.00	0.00
20180605154333	5020.00	0.00	0.00	0.00
20180605154334	7150.00	0.00	0.00	0.00
20180605154335	7150.00	0.00	0.00	0.00
20180605154336	8080.00	0.00	0.00	0.00
20180605154337	8080.00	0.00	0.00	0.00
20180605154338	8320.00	0.00	0.00	0.00
20180605154339	8320.00	0.00	0.00	0.00
20180605154340	8420.00	0.00	0.00	0.00
20180605154341	8420.00	0.00	0.00	0.00
20180605154342	8460.00	0.00	0.00	0.00
20180605154343	8460.00	0.00	0.00	0.00
20180605154344	8470.00	0.00	0.00	0.00
20180605154345	8470.00	0.00	0.00	0.00
20180605154346	8470.00	0.00	0.00	0.00
20180605154347	8470.00	0.00	0.00	0.00
20180605154348	8470.00	0.00	0.00	0.00
20180605154349	8470.00	0.00	0.00	0.00
20180605154350	8490.00	0.00	0.00	0.00
20180605154351	8490.00	0.00	0.00	0.00
20180605154352	8490.00	0.00	0.00	0.00
20180605154353	8490.00	0.00	0.00	0.00
20180605154354	8490.00	0.00	0.00	0.00
20180605154355	8490.00	0.00	0.00	0.00
20180605154356	8490.00	0.00	0.00	0.00
20180605154357	8500.00	0.00	0.00	0.00
20180605154358	8500.00	0.00	0.00	0.00
20180605154359	8490.00	0.00	0.00	0.00
20180605154400	8490.00	0.00	0.00	0.00
20180605154401	8490.00	0.00	0.00	0.00
20180605154402	8490.00	0.00	0.00	0.00
20180605154403	8490.00	0.00	0.00	0.00
20180605154404	8490.00	0.00	0.00	0.00
20180605154405	8490.00	0.00	0.00	0.00
20180605154406	8490.00	0.00	0.00	0.00
20180605154407	8490.00	0.00	0.00	0.00
20180605154408	8490.00	0.00	0.00	0.00
20180605154409	8490.00	0.00	0.00	0.00
20180605154410	8490.00	0.00	0.00	0.00
20180605154411	8490.00	0.00	0.00	0.00
20180605154412	8510.00	0.00	0.00	0.00
20180605154413	8510.00	0.00	0.00	0.00
20180605154414	8510.00	0.00	0.00	0.00
20180605154415	8510.00	0.00	0.00	0.00
20180605154416	8510.00	0.00	0.00	0.00
20180605154417	8510.00	0.00	0.00	0.00
20180605154418	8510.00	0.00	0.00	0.00
20180605154419	8510.00	0.00	0.00	0.00
20180605154420	8510.00	0.00	0.00	0.00
20180605154421	8510.00	0.00	0.00	0.00
20180605154422	8510.00	0.00	0.00	0.00
20180605154423	8510.00	0.00	0.00	0.00
20180605154424	8510.00	0.00	0.00	0.00
20180605154425	8510.00	0.00	0.00	0.00
20180605154426	8510.00	0.00	0.00	0.00
20180605154427	8510.00	0.00	0.00	0.00
20180605154428	8510.00	0.00	0.00	0.00
20180605154429	8510.00	0.00	0.00	0.00
20180605154430	8510.00	0.00	0.00	0.00
20180605154431	8510.00	0.00	0.00	0.00
20180605154432	8510.00	0.00	0.00	0.00
20180605154433	8510.00	0.00	0.00	0.00
20180605154434	8510.00	0.00	0.00	0.00
20180605154435	8510.00	0.00	0.00	0.00
20180605154436	8510.00	0.00	0.00	0.00
20180605154437	8510.00	0.00	0.00	0.00
20180605154438	8510.00	0.00	0.00	0.00
20180605154439	8510.00	0.00	0.00	0.00
20180605154440	8510.00	0.00	0.00	0.00
20180605154441	8510.00	0.00	0.00	0.00
20180605154442	8510.00	0.00	0.00	0.00
20180605154443	8510.00	0.00	0.00	0.00
20180605154444	8510.00	0.00	0.00	0.00
20180605154445	8510.00	0.00	0.00	0.00
20180605154446	8510.00	0.00	0.00	0.00
20180605154447	8510.00	0.00	0.00	0.00
20180605154448	8510.00	0.00	0.00	0.00
20180605154449	8510.00	0.00	0.00	0.00
20180605154450	8510.00	0.00	0.00	0.00
20180605154451	8510.00	0.00	0.00	0.00
20180605154452	8510.00	0.00	0.00	0.00
20180605154453	8510.00	0.00	0.00	0.00
20180605154454	8510.00	0.00	0.00	0.00
20180605154455	8510.00	0.00	0.00	0.00
20180605154456	8510.00	0.00	0.00	0.00
20180605154457	8530.00	0.00	0.00	0.00
20180605154458	8530.00	0.00	0.00	0.00
20180605154459	8530.00	0.00	0.00	0.00
20180605154500	8530.00	0.00	0.00	0.00
20180605154501	8530.00	0.00	0.00	0.00
20180605154502	8510.00	0.00	0.00	0.00
20180605154503	8510.00	0.00	0.00	0.00
20180605154504	8510.00	0.00	0.00	0.00
20180605154505	8510.00	0.00	0.00	0.00
20180605154506	8510.00	0.00	0.00	0.00
20180605154507	8510.00	0.00	0.00	0.00
20180605154508	8510.00	0.00	0.00	0.00
20180605154509	8510.00	0.00	0.00	0.00
20180605154510	8530.00	0.00	0.00	0.00
20180605154511	8530.00	0.00	0.00	0.00
20180605154512	8510.00	0.00	0.00	0.00
20180605154513	8510.00	0.00	0.00	0.00
20180605154514	8510.00	0.00	0.00	0.00
20180605154515	8530.00	0.00	0.00	0.00
20180605154516	8530.00	0.00	0.00	0.00
20180605154517	8530.00	0.00	0.00	0.00
20180605154518	8530.00	0.00	0.00	0.00
20180605154519	8530.00	0.00	0.00	0.00
20180605154520	8530.00	0.00	0.00	0.00
20180605154521	8530.00	0.00	0.00	0.00
20180605154522	8530.00	0.00	0.00	0.00
20180605154523	8530.00	0.00	0.00	0.00
20180605154524	8530.00	0.00	0.00	0.00
20180605154525	8530.00	0.00	0.00	0.00
20180605154526	8530.00	0.00	0.00	0.00
20180605154527	8530.00	0.00	0.00	0.00
20180605154528	8530.00	0.00	0.00	0.00
20180605154529	8530.00	0.00	0.00	0.00
20180605154530	8530.00	0.00	0.00	0.00
20180605154531	8530.00	0.00	0.00	0.00
20180605154532	8530.00	0.00	0.00	0.00
20180605154533	8530.00	0.00	0.00	0.00
20180605154534	8530.00	0.00	0.00	0.00
20180605154535	8530.00	0.00	0.00	0.00
20180605154536	8530.00	0.00	0.00	0.00
20180605154537	8530.00	0.00	0.00	0.00
20180605154538	8530.00	0.00	0.00	0.00
20180605154539	8530.00	0.00	0.00	0.00
20180605154540	8530.00	0.00	0.00	0.00
20180605154541	8530.00	0.00	0.00	0.00
20180605154542	8530.00	0.00	0.00	0.00
20180605154543	8530.00	0.00	0.00	0.00
20180605154544	8530.00	0.00	0.00	0.00
20180605154545	8530.00	0.00	0.00	0.00
20180605154546	8530.00	0.00	0.00	0.00
20180605154547	8530.00	0.00	0.00	0.00
20180605154548	8530.00	0.00	0.00	0.00
20180605154549	8530.00	0.00	0.00	0.00
20180605154550	8530.00	0.00	0.00	0.00
20180605154551	8530.00	0.00	0.00	0.00
20180605154552	8530.00	0.00	0.00	0.00
20180605154553	8530.00	0.00	0.00	0.00
20180605154554	8530.00	0.00	0.00	0.00
20180605154555	8530.00	0.00	0.00	0.00
20180605154556	8530.00	0.00	0.00	0.00
20180605154557	8530.00	0.00	0.00	0.00
20180605154558	8530.00	0.00	0.00	0.00
20180605154559	8530.00	0.00	0.00	0.00
20180605154600	8530.00	0.00	0.00	0.00
20180605154601	8530.00	0.00	0.00	0.00
20180605154602	8530.00	0.00	0.00	0.00
20180605154603	8530.00	0.00	0.00	0.00
20180605154604	8530.00	0.00	0.00	0.00
20180605154605	8530.00	0.00	0.00	0.00
20180605154606	8530.00	0.00	0.00	0.00
20180605154607	8530.00	0.00	0.00	0.00
20180605154608	8530.00	0.00	0.00	0.00
20180605154609	8530.00	0.00	0.00	0.00
20180605154610	8530.00	0.00	0.00	0.00
20180605154611	8530.00	0.00	0.00	0.00
20180605154612	8530.00	0.00	0.00	0.00
20180605154613	8530.00	0.00	0.00	0.00
20180605154614	8530.00	0.00	0.00	0.00
20180605154615	8540.00	0.00	0.00	0.00
20180605154616	8540.00	0.00	0.00	0.00
20180605154617	8530.00	0.00	0.00	0.00
20180605154618	8530.00	0.00	0.00	0.00
20180605154619	8530.00	0.00	0.00	0.00
20180605154620	8530.00	0.00	0.00	0.00
20180605154621	8530.00	0.00	0.00	0.00
20180605154622	8530.00	0.00	0.00	0.00
20180605154623	8530.00	0.00	0.00	0.00
20180605154624	8530.00	0.00	0.00	0.00
20180605154625	8530.00	0.00	0.00	0.00
20180605154626	8530.00	0.00	0.00	0.00
20180605154627	8530.00	0.00	0.00	0.00
20180605154628	8530.00	0.00	0.00	0.00
