20180520221336	0.00	0.00	0.00	0.00
20180520221337	0.00	0.00	0.00	0.00
20180520221338	0.00	0.00	0.00	0.00
20180520221339	0.00	0.00	0.00	0.00
20180520221340	0.00	0.00	0.00	0.00
20180520221341	0.00	0.00	0.00	0.00
20180520221342	0.00	0.00	0.00	0.00
20180520221343	0.00	0.00	0.00	0.00
20180520221344	20.00	0.00	0.00	0.00
20180520221345	20.00	0.00	0.00	0.00
20180520221346	0.00	0.00	0.00	0.00
20180520221347	0.00	0.00	0.00	0.00
20180520221348	0.00	0.00	0.00	0.00
20180520221349	0.00	0.00	0.00	0.00
20180520221350	0.00	0.00	0.00	0.00
20180520221351	20.00	0.00	0.00	0.00
20180520221352	20.00	0.00	0.00	0.00
20180520221353	20.00	0.00	0.00	0.00
20180520221354	20.00	0.00	0.00	0.00
20180520221355	0.00	0.00	0.00	0.00
20180520221356	0.00	0.00	0.00	0.00
20180520221357	0.00	0.00	0.00	0.00
20180520221358	0.00	0.00	0.00	0.00
20180520221359	0.00	0.00	0.00	0.00
20180520221400	0.00	0.00	0.00	0.00
20180520221401	0.00	0.00	0.00	0.00
20180520221402	0.00	0.00	0.00	0.00
20180520221403	0.00	0.00	0.00	0.00
20180520221404	0.00	0.00	0.00	0.00
20180520221405	0.00	0.00	0.00	0.00
20180520221406	0.00	0.00	0.00	0.00
20180520221407	0.00	0.00	0.00	0.00
20180520221408	0.00	0.00	0.00	0.00
20180520221409	0.00	0.00	0.00	0.00
20180520221410	0.00	0.00	0.00	0.00
20180520221411	0.00	0.00	0.00	0.00
20180520221412	0.00	0.00	0.00	0.00
20180520221413	0.00	0.00	0.00	0.00
20180520221414	0.00	0.00	0.00	0.00
20180520221415	0.00	0.00	0.00	0.00
20180520221416	0.00	0.00	0.00	0.00
20180520221417	0.00	0.00	0.00	0.00
20180520221418	0.00	0.00	0.00	0.00
20180520221419	0.00	0.00	0.00	0.00
20180520221420	0.00	0.00	0.00	0.00
20180520221421	0.00	0.00	0.00	0.00
20180520221422	0.00	0.00	0.00	0.00
20180520221423	0.00	0.00	0.00	0.00
20180520221424	0.00	0.00	0.00	0.00
20180520221425	0.00	0.00	0.00	0.00
20180520221426	0.00	0.00	0.00	0.00
20180520221427	0.00	0.00	0.00	0.00
20180520221428	0.00	0.00	0.00	0.00
20180520221429	0.00	0.00	0.00	0.00
20180520221430	0.00	0.00	0.00	0.00
20180520221431	0.00	0.00	0.00	0.00
20180520221432	0.00	0.00	0.00	0.00
20180520221433	0.00	0.00	0.00	0.00
20180520221434	0.00	0.00	0.00	0.00
20180520221435	0.00	0.00	0.00	0.00
20180520221436	0.00	0.00	0.00	0.00
20180520221437	0.00	0.00	0.00	0.00
20180520221438	0.00	0.00	0.00	0.00
20180520221439	0.00	0.00	0.00	0.00
20180520221440	0.00	0.00	0.00	0.00
20180520221441	0.00	0.00	0.00	0.00
20180520221442	0.00	0.00	0.00	0.00
20180520221443	0.00	0.00	0.00	0.00
20180520221444	0.00	0.00	0.00	0.00
20180520221445	0.00	0.00	0.00	0.00
20180520221446	0.00	0.00	0.00	0.00
20180520221447	0.00	0.00	0.00	0.00
20180520221448	0.00	0.00	0.00	0.00
20180520221449	0.00	0.00	0.00	0.00
20180520221450	0.00	0.00	0.00	0.00
20180520221451	0.00	0.00	0.00	0.00
20180520221452	0.00	0.00	0.00	0.00
20180520221453	0.00	0.00	0.00	0.00
20180520221454	0.00	0.00	0.00	0.00
20180520221455	0.00	0.00	0.00	0.00
20180520221456	0.00	0.00	0.00	0.00
20180520221457	0.00	0.00	0.00	0.00
20180520221458	0.00	0.00	0.00	0.00
20180520221459	0.00	0.00	0.00	0.00
20180520221500	0.00	0.00	0.00	0.00
20180520221501	0.00	0.00	0.00	0.00
20180520221502	0.00	0.00	0.00	0.00
20180520221503	0.00	0.00	0.00	0.00
20180520221504	0.00	0.00	0.00	0.00
20180520221505	0.00	0.00	0.00	0.00
20180520221506	0.00	0.00	0.00	0.00
20180520221507	0.00	0.00	0.00	0.00
20180520221508	0.00	0.00	0.00	0.00
20180520221509	0.00	0.00	0.00	0.00
20180520221510	0.00	0.00	0.00	0.00
20180520221511	0.00	0.00	0.00	0.00
20180520221512	0.00	0.00	0.00	0.00
20180520221513	0.00	0.00	0.00	0.00
20180520221514	0.00	0.00	0.00	0.00
20180520221515	0.00	0.00	0.00	0.00
20180520221516	0.00	0.00	0.00	0.00
20180520221517	0.00	0.00	0.00	0.00
20180520221518	0.00	0.00	0.00	0.00
20180520221519	0.00	0.00	0.00	0.00
20180520221520	0.00	0.00	0.00	0.00
20180520221521	0.00	0.00	0.00	0.00
20180520221522	0.00	0.00	0.00	0.00
20180520221523	0.00	0.00	0.00	0.00
20180520221524	0.00	0.00	0.00	0.00
20180520221525	0.00	0.00	0.00	0.00
20180520221526	0.00	0.00	0.00	0.00
20180520221527	0.00	0.00	0.00	0.00
20180520221528	0.00	0.00	0.00	0.00
20180520221529	0.00	0.00	0.00	0.00
20180520221530	0.00	0.00	0.00	0.00
20180520221531	0.00	0.00	0.00	0.00
20180520221532	0.00	0.00	0.00	0.00
20180520221533	0.00	0.00	0.00	0.00
20180520221534	0.00	0.00	0.00	0.00
20180520221535	0.00	0.00	0.00	0.00
20180520221536	0.00	0.00	0.00	0.00
20180520221537	0.00	0.00	0.00	0.00
20180520221538	0.00	0.00	0.00	0.00
20180520221539	0.00	0.00	0.00	0.00
20180520221540	0.00	0.00	0.00	0.00
20180520221541	0.00	0.00	0.00	0.00
20180520221542	0.00	0.00	0.00	0.00
20180520221543	0.00	0.00	0.00	0.00
20180520221544	0.00	0.00	0.00	0.00
20180520221545	0.00	0.00	0.00	0.00
20180520221546	0.00	0.00	0.00	0.00
20180520221547	0.00	0.00	0.00	0.00
20180520221548	0.00	0.00	0.00	0.00
20180520221549	0.00	0.00	0.00	0.00
20180520221550	0.00	0.00	0.00	0.00
20180520221551	0.00	0.00	0.00	0.00
20180520221552	0.00	0.00	0.00	0.00
20180520221553	0.00	0.00	0.00	0.00
20180520221554	0.00	0.00	0.00	0.00
20180520221555	0.00	0.00	0.00	0.00
20180520221556	0.00	0.00	0.00	0.00
20180520221557	0.00	0.00	0.00	0.00
20180520221558	0.00	0.00	0.00	0.00
20180520221559	0.00	0.00	0.00	0.00
20180520221600	0.00	0.00	0.00	0.00
20180520221601	0.00	0.00	0.00	0.00
20180520221602	20.00	0.00	0.00	0.00
20180520221603	20.00	0.00	0.00	0.00
20180520221604	0.00	0.00	0.00	0.00
20180520221605	0.00	0.00	0.00	0.00
20180520221606	0.00	0.00	0.00	0.00
20180520221607	0.00	0.00	0.00	0.00
20180520221608	0.00	0.00	0.00	0.00
20180520221609	0.00	0.00	0.00	0.00
20180520221610	0.00	0.00	0.00	0.00
20180520221611	0.00	0.00	0.00	0.00
20180520221612	0.00	0.00	0.00	0.00
20180520221613	0.00	0.00	0.00	0.00
20180520221614	0.00	0.00	0.00	0.00
20180520221615	0.00	0.00	0.00	0.00
20180520221616	0.00	0.00	0.00	0.00
20180520221617	0.00	0.00	0.00	0.00
20180520221618	0.00	0.00	0.00	0.00
20180520221619	0.00	0.00	0.00	0.00
20180520221620	0.00	0.00	0.00	0.00
20180520221621	0.00	0.00	0.00	0.00
20180520221622	0.00	0.00	0.00	0.00
20180520221623	0.00	0.00	0.00	0.00
20180520221624	0.00	0.00	0.00	0.00
20180520221625	0.00	0.00	0.00	0.00
20180520221626	0.00	0.00	0.00	0.00
20180520221627	0.00	0.00	0.00	0.00
20180520221628	0.00	0.00	0.00	0.00
20180520221629	0.00	0.00	0.00	0.00
20180520221630	0.00	0.00	0.00	0.00
20180520221631	0.00	0.00	0.00	0.00
20180520221632	0.00	0.00	0.00	0.00
20180520221633	0.00	0.00	0.00	0.00
20180520221634	0.00	0.00	0.00	0.00
20180520221635	0.00	0.00	0.00	0.00
20180520221636	0.00	0.00	0.00	0.00
20180520221637	0.00	0.00	0.00	0.00
20180520221638	0.00	0.00	0.00	0.00
20180520221639	0.00	0.00	0.00	0.00
20180520221640	20.00	0.00	0.00	0.00
20180520221641	20.00	0.00	0.00	0.00
20180520221642	20.00	0.00	0.00	0.00
20180520221643	0.00	0.00	0.00	0.00
20180520221644	0.00	0.00	0.00	0.00
20180520221645	0.00	0.00	0.00	0.00
20180520221646	0.00	0.00	0.00	0.00
20180520221647	0.00	0.00	0.00	0.00
20180520221648	0.00	0.00	0.00	0.00
20180520221649	0.00	0.00	0.00	0.00
20180520221650	0.00	0.00	0.00	0.00
20180520221651	0.00	0.00	0.00	0.00
20180520221652	0.00	0.00	0.00	0.00
20180520221653	0.00	0.00	0.00	0.00
20180520221654	0.00	0.00	0.00	0.00
20180520221655	0.00	0.00	0.00	0.00
20180520221656	0.00	0.00	0.00	0.00
20180520221657	0.00	0.00	0.00	0.00
20180520221658	0.00	0.00	0.00	0.00
20180520221659	0.00	0.00	0.00	0.00
20180520221700	0.00	0.00	0.00	0.00
20180520221701	0.00	0.00	0.00	0.00
20180520221702	0.00	0.00	0.00	0.00
20180520221703	0.00	0.00	0.00	0.00
20180520221704	0.00	0.00	0.00	0.00
20180520221705	0.00	0.00	0.00	0.00
20180520221706	0.00	0.00	0.00	0.00
20180520221707	0.00	0.00	0.00	0.00
20180520221708	0.00	0.00	0.00	0.00
20180520221709	0.00	0.00	0.00	0.00
20180520221710	0.00	0.00	0.00	0.00
20180520221711	0.00	0.00	0.00	0.00
20180520221712	0.00	0.00	0.00	0.00
20180520221713	0.00	0.00	0.00	0.00
20180520221714	0.00	0.00	0.00	0.00
20180520221715	0.00	0.00	0.00	0.00
20180520221716	0.00	0.00	0.00	0.00
20180520221717	0.00	0.00	0.00	0.00
20180520221718	0.00	0.00	0.00	0.00
20180520221719	0.00	0.00	0.00	0.00
20180520221720	0.00	0.00	0.00	0.00
20180520221721	0.00	0.00	0.00	0.00
20180520221722	0.00	0.00	0.00	0.00
20180520221723	0.00	0.00	0.00	0.00
20180520221724	0.00	0.00	0.00	0.00
20180520221725	0.00	0.00	0.00	0.00
20180520221726	0.00	0.00	0.00	0.00
20180520221727	0.00	0.00	0.00	0.00
20180520221728	0.00	0.00	0.00	0.00
20180520221729	0.00	0.00	0.00	0.00
20180520221730	0.00	0.00	0.00	0.00
20180520221731	0.00	0.00	0.00	0.00
20180520221732	0.00	0.00	0.00	0.00
20180520221733	0.00	0.00	0.00	0.00
20180520221734	0.00	0.00	0.00	0.00
20180520221735	0.00	0.00	0.00	0.00
20180520221736	0.00	0.00	0.00	0.00
20180520221737	0.00	0.00	0.00	0.00
20180520221738	0.00	0.00	0.00	0.00
20180520221739	0.00	0.00	0.00	0.00
20180520221740	0.00	0.00	0.00	0.00
20180520221741	0.00	0.00	0.00	0.00
20180520221742	0.00	0.00	0.00	0.00
20180520221743	0.00	0.00	0.00	0.00
20180520221744	0.00	0.00	0.00	0.00
20180520221745	0.00	0.00	0.00	0.00
20180520221746	0.00	0.00	0.00	0.00
20180520221747	0.00	0.00	0.00	0.00
20180520221748	0.00	0.00	0.00	0.00
20180520221749	0.00	0.00	0.00	0.00
20180520221750	0.00	0.00	0.00	0.00
20180520221751	0.00	0.00	0.00	0.00
20180520221752	0.00	0.00	0.00	0.00
20180520221753	0.00	0.00	0.00	0.00
20180520221754	0.00	0.00	0.00	0.00
20180520221755	0.00	0.00	0.00	0.00
20180520221756	0.00	0.00	0.00	0.00
20180520221757	0.00	0.00	0.00	0.00
20180520221758	0.00	0.00	0.00	0.00
20180520221759	0.00	0.00	0.00	0.00
20180520221800	0.00	0.00	0.00	0.00
20180520221801	0.00	0.00	0.00	0.00
20180520221802	0.00	0.00	0.00	0.00
20180520221803	0.00	0.00	0.00	0.00
20180520221804	0.00	0.00	0.00	0.00
20180520221805	0.00	0.00	0.00	0.00
20180520221806	0.00	0.00	0.00	0.00
20180520221807	0.00	0.00	0.00	0.00
20180520221808	0.00	0.00	0.00	0.00
20180520221809	0.00	0.00	0.00	0.00
20180520221810	0.00	0.00	0.00	0.00
20180520221811	0.00	0.00	0.00	0.00
20180520221812	0.00	0.00	0.00	0.00
20180520221813	0.00	0.00	0.00	0.00
20180520221814	0.00	0.00	0.00	0.00
20180520221815	0.00	0.00	0.00	0.00
20180520221816	0.00	0.00	0.00	0.00
20180520221817	0.00	0.00	0.00	0.00
20180520221818	0.00	0.00	0.00	0.00
20180520221819	0.00	0.00	0.00	0.00
20180520221820	0.00	0.00	0.00	0.00
20180520221821	0.00	0.00	0.00	0.00
20180520221822	0.00	0.00	0.00	0.00
20180520221823	0.00	0.00	0.00	0.00
20180520221824	0.00	0.00	0.00	0.00
20180520221825	0.00	0.00	0.00	0.00
20180520221826	0.00	0.00	0.00	0.00
20180520221827	0.00	0.00	0.00	0.00
20180520221828	0.00	0.00	0.00	0.00
20180520221829	0.00	0.00	0.00	0.00
20180520221830	0.00	0.00	0.00	0.00
20180520221831	0.00	0.00	0.00	0.00
20180520221832	0.00	0.00	0.00	0.00
20180520221833	0.00	0.00	0.00	0.00
20180520221834	0.00	0.00	0.00	0.00
20180520221835	0.00	0.00	0.00	0.00
20180520221836	0.00	0.00	0.00	0.00
20180520221837	0.00	0.00	0.00	0.00
20180520221838	0.00	0.00	0.00	0.00
20180520221839	0.00	0.00	0.00	0.00
20180520221840	0.00	0.00	0.00	0.00
20180520221841	0.00	0.00	0.00	0.00
20180520221842	0.00	0.00	0.00	0.00
20180520221843	0.00	0.00	0.00	0.00
20180520221844	0.00	0.00	0.00	0.00
20180520221845	0.00	0.00	0.00	0.00
20180520221846	0.00	0.00	0.00	0.00
20180520221847	0.00	0.00	0.00	0.00
20180520221848	0.00	0.00	0.00	0.00
20180520221849	0.00	0.00	0.00	0.00
20180520221850	0.00	0.00	0.00	0.00
20180520221851	0.00	0.00	0.00	0.00
20180520221852	0.00	0.00	0.00	0.00
20180520221853	0.00	0.00	0.00	0.00
20180520221854	0.00	0.00	0.00	0.00
20180520221855	0.00	0.00	0.00	0.00
20180520221856	0.00	0.00	0.00	0.00
20180520221857	0.00	0.00	0.00	0.00
20180520221858	0.00	0.00	0.00	0.00
20180520221859	0.00	0.00	0.00	0.00
20180520221900	0.00	0.00	0.00	0.00
20180520221901	0.00	0.00	0.00	0.00
20180520221902	40.00	0.00	0.00	0.00
20180520221903	40.00	0.00	0.00	0.00
20180520221904	40.00	0.00	0.00	0.00
20180520221905	540.00	0.00	0.00	0.00
20180520221906	540.00	0.00	0.00	0.00
20180520221907	780.00	0.00	0.00	0.00
20180520221908	780.00	0.00	0.00	0.00
20180520221909	1920.00	0.00	0.00	0.00
20180520221910	1920.00	0.00	0.00	0.00
20180520221911	2360.00	0.00	0.00	0.00
20180520221912	2360.00	0.00	0.00	0.00
20180520221913	2360.00	0.00	0.00	0.00
20180520221914	2320.00	0.00	0.00	0.00
20180520221915	2320.00	0.00	0.00	0.00
20180520221916	2100.00	0.00	0.00	0.00
20180520221917	2100.00	0.00	0.00	0.00
20180520221918	1850.00	0.00	0.00	0.00
20180520221919	1850.00	0.00	0.00	0.00
20180520221920	1620.00	0.00	0.00	0.00
20180520221921	1620.00	0.00	0.00	0.00
20180520221922	1410.00	0.00	0.00	0.00
20180520221923	1410.00	0.00	0.00	0.00
20180520221924	1230.00	0.00	0.00	0.00
20180520221925	1230.00	0.00	0.00	0.00
20180520221926	1230.00	0.00	0.00	0.00
20180520221927	1070.00	0.00	0.00	0.00
20180520221928	1070.00	0.00	0.00	0.00
20180520221929	900.00	0.00	0.00	0.00
20180520221930	900.00	0.00	0.00	0.00
20180520221931	800.00	0.00	0.00	0.00
20180520221932	800.00	0.00	0.00	0.00
20180520221933	700.00	0.00	0.00	0.00
20180520221934	700.00	0.00	0.00	0.00
20180520221935	640.00	0.00	0.00	0.00
20180520221936	640.00	0.00	0.00	0.00
20180520221937	570.00	0.00	0.00	0.00
20180520221938	570.00	0.00	0.00	0.00
20180520221939	500.00	0.00	0.00	0.00
20180520221940	500.00	0.00	0.00	0.00
20180520221941	450.00	0.00	0.00	0.00
20180520221942	450.00	0.00	0.00	0.00
20180520221943	410.00	0.00	0.00	0.00
20180520221944	410.00	0.00	0.00	0.00
20180520221945	410.00	0.00	0.00	0.00
20180520221946	370.00	0.00	0.00	0.00
20180520221947	370.00	0.00	0.00	0.00
20180520221948	350.00	0.00	0.00	0.00
20180520221949	350.00	0.00	0.00	0.00
20180520221950	310.00	0.00	0.00	0.00
20180520221951	310.00	0.00	0.00	0.00
20180520221952	310.00	0.00	0.00	0.00
20180520221953	270.00	0.00	0.00	0.00
20180520221954	270.00	0.00	0.00	0.00
20180520221955	250.00	0.00	0.00	0.00
20180520221956	250.00	0.00	0.00	0.00
20180520221957	230.00	0.00	0.00	0.00
20180520221958	230.00	0.00	0.00	0.00
20180520221959	230.00	0.00	0.00	0.00
20180520222000	230.00	0.00	0.00	0.00
20180520222001	210.00	0.00	0.00	0.00
20180520222002	210.00	0.00	0.00	0.00
20180520222003	210.00	0.00	0.00	0.00
20180520222004	210.00	0.00	0.00	0.00
20180520222005	210.00	0.00	0.00	0.00
20180520222006	210.00	0.00	0.00	0.00
20180520222007	190.00	0.00	0.00	0.00
20180520222008	190.00	0.00	0.00	0.00
20180520222009	190.00	0.00	0.00	0.00
20180520222010	190.00	0.00	0.00	0.00
20180520222011	190.00	0.00	0.00	0.00
20180520222012	200.00	0.00	0.00	0.00
20180520222013	200.00	0.00	0.00	0.00
20180520222014	190.00	0.00	0.00	0.00
20180520222015	190.00	0.00	0.00	0.00
20180520222016	190.00	0.00	0.00	0.00
20180520222017	190.00	0.00	0.00	0.00
20180520222018	170.00	0.00	0.00	0.00
20180520222019	170.00	0.00	0.00	0.00
20180520222020	170.00	0.00	0.00	0.00
20180520222021	170.00	0.00	0.00	0.00
20180520222022	170.00	0.00	0.00	0.00
20180520222023	180.00	0.00	0.00	0.00
20180520222024	180.00	0.00	0.00	0.00
20180520222025	170.00	0.00	0.00	0.00
20180520222026	170.00	0.00	0.00	0.00
20180520222027	180.00	0.00	0.00	0.00
20180520222028	180.00	0.00	0.00	0.00
20180520222029	170.00	0.00	0.00	0.00
20180520222030	170.00	0.00	0.00	0.00
20180520222031	170.00	0.00	0.00	0.00
20180520222032	170.00	0.00	0.00	0.00
20180520222033	170.00	0.00	0.00	0.00
20180520222034	160.00	0.00	0.00	0.00
20180520222035	160.00	0.00	0.00	0.00
20180520222036	160.00	0.00	0.00	0.00
20180520222037	160.00	0.00	0.00	0.00
20180520222038	150.00	0.00	0.00	0.00
20180520222039	150.00	0.00	0.00	0.00
20180520222040	150.00	0.00	0.00	0.00
20180520222041	150.00	0.00	0.00	0.00
20180520222042	150.00	0.00	0.00	0.00
20180520222043	150.00	0.00	0.00	0.00
20180520222044	160.00	0.00	0.00	0.00
20180520222045	160.00	0.00	0.00	0.00
20180520222046	160.00	0.00	0.00	0.00
20180520222047	160.00	0.00	0.00	0.00
20180520222048	150.00	0.00	0.00	0.00
20180520222049	150.00	0.00	0.00	0.00
20180520222050	140.00	0.00	0.00	0.00
20180520222051	140.00	0.00	0.00	0.00
20180520222052	140.00	0.00	0.00	0.00
20180520222053	130.00	0.00	0.00	0.00
20180520222054	130.00	0.00	0.00	0.00
20180520222055	140.00	0.00	0.00	0.00
20180520222056	140.00	0.00	0.00	0.00
20180520222057	130.00	0.00	0.00	0.00
20180520222058	130.00	0.00	0.00	0.00
20180520222059	130.00	0.00	0.00	0.00
20180520222100	130.00	0.00	0.00	0.00
20180520222101	140.00	0.00	0.00	0.00
20180520222102	140.00	0.00	0.00	0.00
20180520222103	140.00	0.00	0.00	0.00
20180520222104	140.00	0.00	0.00	0.00
20180520222105	140.00	0.00	0.00	0.00
20180520222106	130.00	0.00	0.00	0.00
20180520222107	130.00	0.00	0.00	0.00
20180520222108	130.00	0.00	0.00	0.00
20180520222109	130.00	0.00	0.00	0.00
20180520222110	130.00	0.00	0.00	0.00
20180520222111	130.00	0.00	0.00	0.00
20180520222112	140.00	0.00	0.00	0.00
20180520222113	140.00	0.00	0.00	0.00
20180520222114	140.00	0.00	0.00	0.00
20180520222115	140.00	0.00	0.00	0.00
20180520222116	140.00	0.00	0.00	0.00
20180520222117	110.00	0.00	0.00	0.00
20180520222118	110.00	0.00	0.00	0.00
20180520222119	110.00	0.00	0.00	0.00
20180520222120	110.00	0.00	0.00	0.00
20180520222121	110.00	0.00	0.00	0.00
20180520222122	110.00	0.00	0.00	0.00
20180520222123	110.00	0.00	0.00	0.00
20180520222124	110.00	0.00	0.00	0.00
20180520222125	110.00	0.00	0.00	0.00
20180520222126	120.00	0.00	0.00	0.00
20180520222127	120.00	0.00	0.00	0.00
20180520222128	110.00	0.00	0.00	0.00
20180520222129	110.00	0.00	0.00	0.00
20180520222130	110.00	0.00	0.00	0.00
20180520222131	110.00	0.00	0.00	0.00
20180520222132	120.00	0.00	0.00	0.00
20180520222133	120.00	0.00	0.00	0.00
20180520222134	120.00	0.00	0.00	0.00
20180520222135	120.00	0.00	0.00	0.00
20180520222136	120.00	0.00	0.00	0.00
20180520222137	110.00	0.00	0.00	0.00
20180520222138	110.00	0.00	0.00	0.00
20180520222139	110.00	0.00	0.00	0.00
20180520222140	110.00	0.00	0.00	0.00
20180520222141	110.00	0.00	0.00	0.00
20180520222142	110.00	0.00	0.00	0.00
20180520222143	110.00	0.00	0.00	0.00
20180520222144	110.00	0.00	0.00	0.00
20180520222145	110.00	0.00	0.00	0.00
20180520222146	120.00	0.00	0.00	0.00
20180520222147	120.00	0.00	0.00	0.00
20180520222148	110.00	0.00	0.00	0.00
20180520222149	110.00	0.00	0.00	0.00
20180520222150	100.00	0.00	0.00	0.00
20180520222151	100.00	0.00	0.00	0.00
20180520222152	90.00	0.00	0.00	0.00
20180520222153	90.00	0.00	0.00	0.00
20180520222154	100.00	0.00	0.00	0.00
20180520222155	100.00	0.00	0.00	0.00
20180520222156	100.00	0.00	0.00	0.00
20180520222157	100.00	0.00	0.00	0.00
20180520222158	100.00	0.00	0.00	0.00
20180520222159	100.00	0.00	0.00	0.00
20180520222200	100.00	0.00	0.00	0.00
20180520222201	100.00	0.00	0.00	0.00
20180520222202	100.00	0.00	0.00	0.00
20180520222203	100.00	0.00	0.00	0.00
20180520222204	100.00	0.00	0.00	0.00
20180520222205	100.00	0.00	0.00	0.00
20180520222206	100.00	0.00	0.00	0.00
20180520222207	100.00	0.00	0.00	0.00
20180520222208	100.00	0.00	0.00	0.00
20180520222209	100.00	0.00	0.00	0.00
20180520222210	90.00	0.00	0.00	0.00
20180520222211	90.00	0.00	0.00	0.00
20180520222212	90.00	0.00	0.00	0.00
20180520222213	90.00	0.00	0.00	0.00
20180520222214	90.00	0.00	0.00	0.00
20180520222215	90.00	0.00	0.00	0.00
20180520222216	100.00	0.00	0.00	0.00
20180520222217	100.00	0.00	0.00	0.00
20180520222218	90.00	0.00	0.00	0.00
20180520222219	90.00	0.00	0.00	0.00
20180520222220	90.00	0.00	0.00	0.00
20180520222221	90.00	0.00	0.00	0.00
20180520222222	90.00	0.00	0.00	0.00
20180520222223	100.00	0.00	0.00	0.00
20180520222224	100.00	0.00	0.00	0.00
20180520222225	100.00	0.00	0.00	0.00
20180520222226	100.00	0.00	0.00	0.00
20180520222227	100.00	0.00	0.00	0.00
20180520222228	100.00	0.00	0.00	0.00
20180520222229	100.00	0.00	0.00	0.00
20180520222230	100.00	0.00	0.00	0.00
20180520222231	90.00	0.00	0.00	0.00
20180520222232	90.00	0.00	0.00	0.00
20180520222233	90.00	0.00	0.00	0.00
20180520222234	90.00	0.00	0.00	0.00
20180520222235	90.00	0.00	0.00	0.00
20180520222236	90.00	0.00	0.00	0.00
20180520222237	90.00	0.00	0.00	0.00
20180520222238	100.00	0.00	0.00	0.00
20180520222239	100.00	0.00	0.00	0.00
20180520222240	100.00	0.00	0.00	0.00
20180520222241	100.00	0.00	0.00	0.00
20180520222242	100.00	0.00	0.00	0.00
20180520222243	100.00	0.00	0.00	0.00
20180520222244	100.00	0.00	0.00	0.00
20180520222245	100.00	0.00	0.00	0.00
20180520222246	100.00	0.00	0.00	0.00
20180520222247	100.00	0.00	0.00	0.00
20180520222248	100.00	0.00	0.00	0.00
20180520222249	90.00	0.00	0.00	0.00
20180520222250	90.00	0.00	0.00	0.00
20180520222251	80.00	0.00	0.00	0.00
20180520222252	80.00	0.00	0.00	0.00
20180520222253	80.00	0.00	0.00	0.00
20180520222254	80.00	0.00	0.00	0.00
20180520222255	70.00	0.00	0.00	0.00
20180520222256	70.00	0.00	0.00	0.00
20180520222257	80.00	0.00	0.00	0.00
20180520222258	80.00	0.00	0.00	0.00
20180520222259	80.00	0.00	0.00	0.00
20180520222300	80.00	0.00	0.00	0.00
20180520222301	70.00	0.00	0.00	0.00
20180520222302	70.00	0.00	0.00	0.00
20180520222303	70.00	0.00	0.00	0.00
20180520222304	80.00	0.00	0.00	0.00
20180520222305	80.00	0.00	0.00	0.00
20180520222306	70.00	0.00	0.00	0.00
20180520222307	70.00	0.00	0.00	0.00
20180520222308	80.00	0.00	0.00	0.00
20180520222309	80.00	0.00	0.00	0.00
20180520222310	80.00	0.00	0.00	0.00
20180520222311	80.00	0.00	0.00	0.00
20180520222312	80.00	0.00	0.00	0.00
20180520222313	80.00	0.00	0.00	0.00
20180520222314	70.00	0.00	0.00	0.00
20180520222315	70.00	0.00	0.00	0.00
20180520222316	70.00	0.00	0.00	0.00
20180520222317	80.00	0.00	0.00	0.00
20180520222318	80.00	0.00	0.00	0.00
20180520222319	80.00	0.00	0.00	0.00
20180520222320	80.00	0.00	0.00	0.00
20180520222321	70.00	0.00	0.00	0.00
20180520222322	70.00	0.00	0.00	0.00
20180520222323	80.00	0.00	0.00	0.00
20180520222324	80.00	0.00	0.00	0.00
20180520222325	80.00	0.00	0.00	0.00
20180520222326	80.00	0.00	0.00	0.00
20180520222327	80.00	0.00	0.00	0.00
20180520222328	80.00	0.00	0.00	0.00
20180520222329	80.00	0.00	0.00	0.00
20180520222330	80.00	0.00	0.00	0.00
20180520222331	80.00	0.00	0.00	0.00
20180520222332	80.00	0.00	0.00	0.00
20180520222333	80.00	0.00	0.00	0.00
20180520222334	70.00	0.00	0.00	0.00
20180520222335	70.00	0.00	0.00	0.00
20180520222336	80.00	0.00	0.00	0.00
20180520222337	80.00	0.00	0.00	0.00
20180520222338	80.00	0.00	0.00	0.00
20180520222339	80.00	0.00	0.00	0.00
20180520222340	70.00	0.00	0.00	0.00
20180520222341	70.00	0.00	0.00	0.00
20180520222342	80.00	0.00	0.00	0.00
20180520222343	80.00	0.00	0.00	0.00
20180520222344	80.00	0.00	0.00	0.00
20180520222345	80.00	0.00	0.00	0.00
20180520222346	80.00	0.00	0.00	0.00
20180520222347	80.00	0.00	0.00	0.00
20180520222348	80.00	0.00	0.00	0.00
20180520222349	80.00	0.00	0.00	0.00
20180520222350	80.00	0.00	0.00	0.00
20180520222351	70.00	0.00	0.00	0.00
20180520222352	70.00	0.00	0.00	0.00
20180520222353	70.00	0.00	0.00	0.00
20180520222354	80.00	0.00	0.00	0.00
20180520222355	80.00	0.00	0.00	0.00
20180520222356	80.00	0.00	0.00	0.00
20180520222357	80.00	0.00	0.00	0.00
20180520222358	70.00	0.00	0.00	0.00
20180520222359	70.00	0.00	0.00	0.00
20180520222400	70.00	0.00	0.00	0.00
20180520222401	70.00	0.00	0.00	0.00
20180520222402	70.00	0.00	0.00	0.00
20180520222403	70.00	0.00	0.00	0.00
20180520222404	80.00	0.00	0.00	0.00
20180520222405	80.00	0.00	0.00	0.00
20180520222406	80.00	0.00	0.00	0.00
20180520222407	80.00	0.00	0.00	0.00
20180520222408	80.00	0.00	0.00	0.00
20180520222409	80.00	0.00	0.00	0.00
20180520222410	80.00	0.00	0.00	0.00
20180520222411	80.00	0.00	0.00	0.00
20180520222412	80.00	0.00	0.00	0.00
20180520222413	80.00	0.00	0.00	0.00
20180520222414	80.00	0.00	0.00	0.00
20180520222415	70.00	0.00	0.00	0.00
20180520222416	70.00	0.00	0.00	0.00
20180520222417	70.00	0.00	0.00	0.00
20180520222418	70.00	0.00	0.00	0.00
20180520222419	70.00	0.00	0.00	0.00
20180520222420	80.00	0.00	0.00	0.00
20180520222421	80.00	0.00	0.00	0.00
20180520222422	80.00	0.00	0.00	0.00
20180520222423	80.00	0.00	0.00	0.00
20180520222424	80.00	0.00	0.00	0.00
20180520222425	80.00	0.00	0.00	0.00
20180520222426	70.00	0.00	0.00	0.00
20180520222427	70.00	0.00	0.00	0.00
20180520222428	80.00	0.00	0.00	0.00
20180520222429	80.00	0.00	0.00	0.00
20180520222430	80.00	0.00	0.00	0.00
20180520222431	80.00	0.00	0.00	0.00
20180520222432	80.00	0.00	0.00	0.00
20180520222433	80.00	0.00	0.00	0.00
20180520222434	80.00	0.00	0.00	0.00
20180520222435	70.00	0.00	0.00	0.00
20180520222436	70.00	0.00	0.00	0.00
20180520222437	70.00	0.00	0.00	0.00
20180520222438	70.00	0.00	0.00	0.00
20180520222439	80.00	0.00	0.00	0.00
20180520222440	80.00	0.00	0.00	0.00
20180520222441	80.00	0.00	0.00	0.00
20180520222442	80.00	0.00	0.00	0.00
20180520222443	80.00	0.00	0.00	0.00
20180520222444	80.00	0.00	0.00	0.00
20180520222445	60.00	0.00	0.00	0.00
20180520222446	60.00	0.00	0.00	0.00
20180520222447	60.00	0.00	0.00	0.00
20180520222448	70.00	0.00	0.00	0.00
20180520222449	70.00	0.00	0.00	0.00
20180520222450	70.00	0.00	0.00	0.00
20180520222451	70.00	0.00	0.00	0.00
20180520222452	70.00	0.00	0.00	0.00
20180520222453	70.00	0.00	0.00	0.00
20180520222454	70.00	0.00	0.00	0.00
20180520222455	80.00	0.00	0.00	0.00
20180520222456	80.00	0.00	0.00	0.00
20180520222457	70.00	0.00	0.00	0.00
20180520222458	70.00	0.00	0.00	0.00
20180520222459	50.00	0.00	0.00	0.00
20180520222500	50.00	0.00	0.00	0.00
20180520222501	50.00	0.00	0.00	0.00
20180520222502	50.00	0.00	0.00	0.00
20180520222503	60.00	0.00	0.00	0.00
20180520222504	60.00	0.00	0.00	0.00
20180520222505	60.00	0.00	0.00	0.00
20180520222506	60.00	0.00	0.00	0.00
20180520222507	60.00	0.00	0.00	0.00
20180520222508	60.00	0.00	0.00	0.00
20180520222509	60.00	0.00	0.00	0.00
20180520222510	60.00	0.00	0.00	0.00
20180520222511	60.00	0.00	0.00	0.00
20180520222512	50.00	0.00	0.00	0.00
20180520222513	50.00	0.00	0.00	0.00
20180520222514	60.00	0.00	0.00	0.00
20180520222515	60.00	0.00	0.00	0.00
20180520222516	60.00	0.00	0.00	0.00
20180520222517	60.00	0.00	0.00	0.00
20180520222518	60.00	0.00	0.00	0.00
20180520222519	60.00	0.00	0.00	0.00
20180520222520	60.00	0.00	0.00	0.00
20180520222521	50.00	0.00	0.00	0.00
20180520222522	50.00	0.00	0.00	0.00
20180520222523	60.00	0.00	0.00	0.00
20180520222524	60.00	0.00	0.00	0.00
20180520222525	70.00	0.00	0.00	0.00
20180520222526	70.00	0.00	0.00	0.00
20180520222527	50.00	0.00	0.00	0.00
20180520222528	50.00	0.00	0.00	0.00
20180520222529	60.00	0.00	0.00	0.00
20180520222530	60.00	0.00	0.00	0.00
20180520222531	60.00	0.00	0.00	0.00
20180520222532	60.00	0.00	0.00	0.00
20180520222533	50.00	0.00	0.00	0.00
20180520222534	50.00	0.00	0.00	0.00
20180520222535	50.00	0.00	0.00	0.00
20180520222536	60.00	0.00	0.00	0.00
20180520222537	60.00	0.00	0.00	0.00
20180520222538	60.00	0.00	0.00	0.00
20180520222539	60.00	0.00	0.00	0.00
20180520222540	60.00	0.00	0.00	0.00
20180520222541	60.00	0.00	0.00	0.00
20180520222542	50.00	0.00	0.00	0.00
20180520222543	50.00	0.00	0.00	0.00
20180520222544	50.00	0.00	0.00	0.00
20180520222545	50.00	0.00	0.00	0.00
20180520222546	50.00	0.00	0.00	0.00
20180520222547	50.00	0.00	0.00	0.00
20180520222548	50.00	0.00	0.00	0.00
20180520222549	50.00	0.00	0.00	0.00
20180520222550	60.00	0.00	0.00	0.00
20180520222551	60.00	0.00	0.00	0.00
20180520222552	50.00	0.00	0.00	0.00
20180520222553	50.00	0.00	0.00	0.00
20180520222554	60.00	0.00	0.00	0.00
20180520222555	60.00	0.00	0.00	0.00
20180520222556	60.00	0.00	0.00	0.00
20180520222557	50.00	0.00	0.00	0.00
20180520222558	50.00	0.00	0.00	0.00
20180520222559	60.00	0.00	0.00	0.00
20180520222600	60.00	0.00	0.00	0.00
20180520222601	60.00	0.00	0.00	0.00
20180520222602	60.00	0.00	0.00	0.00
20180520222603	50.00	0.00	0.00	0.00
20180520222604	50.00	0.00	0.00	0.00
20180520222605	50.00	0.00	0.00	0.00
20180520222606	50.00	0.00	0.00	0.00
20180520222607	50.00	0.00	0.00	0.00
20180520222608	60.00	0.00	0.00	0.00
20180520222609	60.00	0.00	0.00	0.00
20180520222610	50.00	0.00	0.00	0.00
20180520222611	50.00	0.00	0.00	0.00
20180520222612	60.00	0.00	0.00	0.00
20180520222613	60.00	0.00	0.00	0.00
20180520222614	60.00	0.00	0.00	0.00
20180520222615	60.00	0.00	0.00	0.00
20180520222616	60.00	0.00	0.00	0.00
20180520222617	60.00	0.00	0.00	0.00
20180520222618	60.00	0.00	0.00	0.00
20180520222619	50.00	0.00	0.00	0.00
20180520222620	50.00	0.00	0.00	0.00
20180520222621	60.00	0.00	0.00	0.00
20180520222622	60.00	0.00	0.00	0.00
20180520222623	60.00	0.00	0.00	0.00
20180520222624	60.00	0.00	0.00	0.00
20180520222625	60.00	0.00	0.00	0.00
20180520222626	60.00	0.00	0.00	0.00
20180520222627	60.00	0.00	0.00	0.00
20180520222628	60.00	0.00	0.00	0.00
20180520222629	60.00	0.00	0.00	0.00
20180520222630	60.00	0.00	0.00	0.00
20180520222631	60.00	0.00	0.00	0.00
20180520222632	60.00	0.00	0.00	0.00
20180520222633	60.00	0.00	0.00	0.00
20180520222634	60.00	0.00	0.00	0.00
20180520222635	60.00	0.00	0.00	0.00
20180520222636	60.00	0.00	0.00	0.00
20180520222637	60.00	0.00	0.00	0.00
20180520222638	60.00	0.00	0.00	0.00
20180520222639	60.00	0.00	0.00	0.00
20180520222640	60.00	0.00	0.00	0.00
20180520222641	60.00	0.00	0.00	0.00
20180520222642	50.00	0.00	0.00	0.00
20180520222643	50.00	0.00	0.00	0.00
20180520222644	60.00	0.00	0.00	0.00
20180520222645	60.00	0.00	0.00	0.00
20180520222646	60.00	0.00	0.00	0.00
20180520222647	60.00	0.00	0.00	0.00
20180520222648	50.00	0.00	0.00	0.00
20180520222649	50.00	0.00	0.00	0.00
20180520222650	50.00	0.00	0.00	0.00
20180520222651	50.00	0.00	0.00	0.00
20180520222652	60.00	0.00	0.00	0.00
20180520222653	60.00	0.00	0.00	0.00
20180520222654	60.00	0.00	0.00	0.00
20180520222655	60.00	0.00	0.00	0.00
20180520222656	60.00	0.00	0.00	0.00
20180520222657	60.00	0.00	0.00	0.00
20180520222658	60.00	0.00	0.00	0.00
20180520222659	50.00	0.00	0.00	0.00
20180520222700	50.00	0.00	0.00	0.00
20180520222701	50.00	0.00	0.00	0.00
20180520222702	50.00	0.00	0.00	0.00
20180520222703	60.00	0.00	0.00	0.00
20180520222704	60.00	0.00	0.00	0.00
20180520222705	60.00	0.00	0.00	0.00
20180520222706	60.00	0.00	0.00	0.00
20180520222707	60.00	0.00	0.00	0.00
20180520222708	50.00	0.00	0.00	0.00
20180520222709	50.00	0.00	0.00	0.00
20180520222710	50.00	0.00	0.00	0.00
20180520222711	50.00	0.00	0.00	0.00
20180520222712	60.00	0.00	0.00	0.00
20180520222713	60.00	0.00	0.00	0.00
20180520222714	60.00	0.00	0.00	0.00
20180520222715	60.00	0.00	0.00	0.00
20180520222716	50.00	0.00	0.00	0.00
20180520222717	50.00	0.00	0.00	0.00
20180520222718	50.00	0.00	0.00	0.00
20180520222719	50.00	0.00	0.00	0.00
20180520222720	60.00	0.00	0.00	0.00
20180520222721	60.00	0.00	0.00	0.00
20180520222722	60.00	0.00	0.00	0.00
20180520222723	60.00	0.00	0.00	0.00
20180520222724	60.00	0.00	0.00	0.00
20180520222725	50.00	0.00	0.00	0.00
20180520222726	50.00	0.00	0.00	0.00
20180520222727	50.00	0.00	0.00	0.00
20180520222728	50.00	0.00	0.00	0.00
20180520222729	50.00	0.00	0.00	0.00
20180520222730	50.00	0.00	0.00	0.00
20180520222731	50.00	0.00	0.00	0.00
20180520222732	50.00	0.00	0.00	0.00
20180520222733	50.00	0.00	0.00	0.00
20180520222734	50.00	0.00	0.00	0.00
20180520222735	50.00	0.00	0.00	0.00
20180520222736	50.00	0.00	0.00	0.00
20180520222737	60.00	0.00	0.00	0.00
20180520222738	60.00	0.00	0.00	0.00
20180520222739	60.00	0.00	0.00	0.00
20180520222740	50.00	0.00	0.00	0.00
20180520222741	50.00	0.00	0.00	0.00
20180520222742	50.00	0.00	0.00	0.00
20180520222743	50.00	0.00	0.00	0.00
20180520222744	50.00	0.00	0.00	0.00
20180520222745	50.00	0.00	0.00	0.00
20180520222746	60.00	0.00	0.00	0.00
20180520222747	60.00	0.00	0.00	0.00
20180520222748	60.00	0.00	0.00	0.00
20180520222749	60.00	0.00	0.00	0.00
20180520222750	60.00	0.00	0.00	0.00
20180520222751	60.00	0.00	0.00	0.00
20180520222752	60.00	0.00	0.00	0.00
20180520222753	60.00	0.00	0.00	0.00
20180520222754	60.00	0.00	0.00	0.00
20180520222755	50.00	0.00	0.00	0.00
20180520222756	50.00	0.00	0.00	0.00
20180520222757	50.00	0.00	0.00	0.00
20180520222758	50.00	0.00	0.00	0.00
20180520222759	60.00	0.00	0.00	0.00
20180520222800	60.00	0.00	0.00	0.00
20180520222801	60.00	0.00	0.00	0.00
20180520222802	60.00	0.00	0.00	0.00
20180520222803	60.00	0.00	0.00	0.00
20180520222804	60.00	0.00	0.00	0.00
20180520222805	60.00	0.00	0.00	0.00
20180520222806	60.00	0.00	0.00	0.00
20180520222807	60.00	0.00	0.00	0.00
20180520222808	50.00	0.00	0.00	0.00
20180520222809	50.00	0.00	0.00	0.00
20180520222810	60.00	0.00	0.00	0.00
20180520222811	60.00	0.00	0.00	0.00
20180520222812	50.00	0.00	0.00	0.00
20180520222813	50.00	0.00	0.00	0.00
20180520222814	50.00	0.00	0.00	0.00
20180520222815	50.00	0.00	0.00	0.00
20180520222816	50.00	0.00	0.00	0.00
20180520222817	50.00	0.00	0.00	0.00
20180520222818	50.00	0.00	0.00	0.00
20180520222819	50.00	0.00	0.00	0.00
20180520222820	50.00	0.00	0.00	0.00
20180520222821	50.00	0.00	0.00	0.00
20180520222822	50.00	0.00	0.00	0.00
20180520222823	60.00	0.00	0.00	0.00
20180520222824	60.00	0.00	0.00	0.00
20180520222825	60.00	0.00	0.00	0.00
20180520222826	60.00	0.00	0.00	0.00
20180520222827	60.00	0.00	0.00	0.00
20180520222828	60.00	0.00	0.00	0.00
20180520222829	50.00	0.00	0.00	0.00
20180520222830	50.00	0.00	0.00	0.00
20180520222831	50.00	0.00	0.00	0.00
20180520222832	50.00	0.00	0.00	0.00
20180520222833	50.00	0.00	0.00	0.00
20180520222834	60.00	0.00	0.00	0.00
20180520222835	60.00	0.00	0.00	0.00
20180520222836	50.00	0.00	0.00	0.00
20180520222837	50.00	0.00	0.00	0.00
20180520222838	60.00	0.00	0.00	0.00
20180520222839	60.00	0.00	0.00	0.00
20180520222840	60.00	0.00	0.00	0.00
20180520222841	60.00	0.00	0.00	0.00
20180520222842	60.00	0.00	0.00	0.00
20180520222843	60.00	0.00	0.00	0.00
20180520222844	50.00	0.00	0.00	0.00
20180520222845	50.00	0.00	0.00	0.00
20180520222846	60.00	0.00	0.00	0.00
20180520222847	60.00	0.00	0.00	0.00
20180520222848	60.00	0.00	0.00	0.00
20180520222849	50.00	0.00	0.00	0.00
20180520222850	50.00	0.00	0.00	0.00
20180520222851	60.00	0.00	0.00	0.00
20180520222852	60.00	0.00	0.00	0.00
20180520222853	60.00	0.00	0.00	0.00
20180520222854	60.00	0.00	0.00	0.00
20180520222855	50.00	0.00	0.00	0.00
20180520222856	50.00	0.00	0.00	0.00
20180520222857	60.00	0.00	0.00	0.00
20180520222858	60.00	0.00	0.00	0.00
20180520222859	60.00	0.00	0.00	0.00
20180520222900	60.00	0.00	0.00	0.00
20180520222901	60.00	0.00	0.00	0.00
20180520222902	50.00	0.00	0.00	0.00
20180520222903	50.00	0.00	0.00	0.00
20180520222904	60.00	0.00	0.00	0.00
20180520222905	60.00	0.00	0.00	0.00
20180520222906	50.00	0.00	0.00	0.00
20180520222907	50.00	0.00	0.00	0.00
20180520222908	60.00	0.00	0.00	0.00
20180520222909	60.00	0.00	0.00	0.00
20180520222910	60.00	0.00	0.00	0.00
20180520222911	60.00	0.00	0.00	0.00
20180520222912	60.00	0.00	0.00	0.00
20180520222913	60.00	0.00	0.00	0.00
20180520222914	60.00	0.00	0.00	0.00
20180520222915	50.00	0.00	0.00	0.00
20180520222916	50.00	0.00	0.00	0.00
20180520222917	60.00	0.00	0.00	0.00
20180520222918	60.00	0.00	0.00	0.00
20180520222919	60.00	0.00	0.00	0.00
20180520222920	60.00	0.00	0.00	0.00
20180520222921	50.00	0.00	0.00	0.00
20180520222922	50.00	0.00	0.00	0.00
20180520222923	50.00	0.00	0.00	0.00
20180520222924	50.00	0.00	0.00	0.00
20180520222925	60.00	0.00	0.00	0.00
20180520222926	60.00	0.00	0.00	0.00
20180520222927	60.00	0.00	0.00	0.00
20180520222928	60.00	0.00	0.00	0.00
20180520222929	60.00	0.00	0.00	0.00
20180520222930	60.00	0.00	0.00	0.00
20180520222931	60.00	0.00	0.00	0.00
20180520222932	60.00	0.00	0.00	0.00
20180520222933	60.00	0.00	0.00	0.00
20180520222934	60.00	0.00	0.00	0.00
20180520222935	60.00	0.00	0.00	0.00
20180520222936	60.00	0.00	0.00	0.00
20180520222937	60.00	0.00	0.00	0.00
20180520222938	60.00	0.00	0.00	0.00
20180520222939	60.00	0.00	0.00	0.00
20180520222940	60.00	0.00	0.00	0.00
20180520222941	60.00	0.00	0.00	0.00
20180520222942	60.00	0.00	0.00	0.00
20180520222943	60.00	0.00	0.00	0.00
20180520222944	60.00	0.00	0.00	0.00
