20180711152243	0.00	0.00	0.00	0.00
20180711152246	0.00	0.00	0.00	0.00
20180711152247	0.00	0.00	0.00	0.00
20180711152248	0.00	0.00	0.00	0.00
20180711152249	0.00	0.00	0.00	0.00
20180711152250	0.00	0.00	0.00	0.00
20180711152251	0.00	0.00	0.00	0.00
20180711152252	95900.00	28.00	0.00	0.00
20180711152253	95900.00	28.00	0.00	0.00
20180711152254	95600.00	28.00	0.00	0.00
20180711152255	95600.00	28.00	0.00	0.00
20180711152256	95500.00	28.00	0.00	0.00
20180711152257	95500.00	28.00	0.00	0.00
20180711152258	95200.00	29.00	0.00	0.00
20180711152259	95200.00	29.00	0.00	0.00
20180711152300	65400.00	28.00	0.00	0.00
20180711152301	65400.00	28.00	0.00	0.00
20180711152302	65400.00	28.00	0.00	0.00
20180711152303	30100.00	28.00	0.00	0.00
20180711152304	30100.00	28.00	0.00	0.00
20180711152305	16800.00	28.00	0.00	0.00
20180711152306	16800.00	28.00	0.00	0.00
20180711152307	12000.00	28.00	0.00	0.00
20180711152308	12000.00	28.00	0.00	0.00
20180711152309	10000.00	28.00	0.00	0.00
20180711152310	10000.00	28.00	0.00	0.00
20180711152311	10000.00	28.00	0.00	0.00
20180711152312	9400.00	28.00	0.00	0.00
20180711152313	9400.00	28.00	0.00	0.00
20180711152314	9000.00	28.00	0.00	0.00
20180711152315	9000.00	28.00	0.00	0.00
20180711152316	9100.00	28.00	0.00	0.00
20180711152317	9100.00	28.00	0.00	0.00
20180711152318	8800.00	27.00	0.00	0.00
20180711152319	8800.00	27.00	0.00	0.00
20180711152320	8800.00	28.00	0.00	0.00
20180711152321	8800.00	28.00	0.00	0.00
20180711152322	8800.00	28.00	0.00	0.00
20180711152323	8800.00	28.00	0.00	0.00
20180711152324	8800.00	26.00	0.00	0.00
20180711152325	8800.00	26.00	0.00	0.00
20180711152326	8800.00	28.00	0.00	0.00
20180711152327	8800.00	28.00	0.00	0.00
20180711152328	8800.00	28.00	0.00	0.00
20180711152329	8800.00	28.00	0.00	0.00
20180711152330	8800.00	28.00	0.00	0.00
20180711152331	8800.00	28.00	0.00	0.00
20180711152332	8800.00	28.00	0.00	0.00
20180711152333	8800.00	28.00	0.00	0.00
20180711152334	8800.00	28.00	0.00	0.00
20180711152335	8800.00	28.00	0.00	0.00
20180711152336	8800.00	28.00	0.00	0.00
20180711152337	8900.00	28.00	0.00	0.00
20180711152338	8900.00	28.00	0.00	0.00
20180711152339	9000.00	28.00	0.00	0.00
20180711152340	9000.00	28.00	0.00	0.00
20180711152341	9000.00	28.00	0.00	0.00
20180711152342	8900.00	28.00	0.00	0.00
20180711152343	8900.00	28.00	0.00	0.00
20180711152344	9000.00	28.00	0.00	0.00
20180711152345	9000.00	28.00	0.00	0.00
20180711152346	9000.00	28.00	0.00	0.00
20180711152347	9000.00	28.00	0.00	0.00
20180711152348	8900.00	28.00	0.00	0.00
20180711152349	8900.00	28.00	0.00	0.00
20180711152350	9000.00	27.00	0.00	0.00
20180711152351	9000.00	27.00	0.00	0.00
20180711152352	8800.00	27.00	0.00	0.00
20180711152353	8800.00	27.00	0.00	0.00
20180711152354	8800.00	27.00	0.00	0.00
20180711152355	9000.00	28.00	0.00	0.00
20180711152356	9000.00	28.00	0.00	0.00
20180711152357	8900.00	28.00	0.00	0.00
20180711152358	8900.00	28.00	0.00	0.00
20180711152359	8800.00	27.00	0.00	0.00
20180711152400	8800.00	27.00	0.00	0.00
20180711152401	8800.00	28.00	0.00	0.00
20180711152402	8800.00	28.00	0.00	0.00
20180711152403	8800.00	28.00	0.00	0.00
20180711152404	8800.00	28.00	0.00	0.00
20180711152405	8900.00	28.00	0.00	0.00
20180711152406	8900.00	28.00	0.00	0.00
20180711152407	8900.00	28.00	0.00	0.00
20180711152408	8900.00	28.00	0.00	0.00
20180711152409	9000.00	28.00	0.00	0.00
20180711152410	9000.00	28.00	0.00	0.00
20180711152411	9000.00	28.00	0.00	0.00
20180711152412	9000.00	28.00	0.00	0.00
20180711152413	9000.00	28.00	0.00	0.00
20180711152414	9000.00	28.00	0.00	0.00
20180711152415	9000.00	28.00	0.00	0.00
20180711152416	9000.00	28.00	0.00	0.00
20180711152417	9000.00	28.00	0.00	0.00
20180711152418	8800.00	28.00	0.00	0.00
20180711152419	8800.00	28.00	0.00	0.00
20180711152420	8800.00	28.00	0.00	0.00
20180711152421	9000.00	28.00	0.00	0.00
20180711152422	9000.00	28.00	0.00	0.00
20180711152423	8800.00	28.00	0.00	0.00
20180711152424	8800.00	28.00	0.00	0.00
20180711152425	9000.00	28.00	0.00	0.00
20180711152426	9000.00	28.00	0.00	0.00
20180711152427	9000.00	28.00	0.00	0.00
20180711152428	9000.00	28.00	0.00	0.00
20180711152429	9000.00	27.00	0.00	0.00
20180711152430	9000.00	27.00	0.00	0.00
20180711152431	9000.00	28.00	0.00	0.00
20180711152432	9000.00	28.00	0.00	0.00
20180711152433	8800.00	26.00	0.00	0.00
20180711152434	8800.00	26.00	0.00	0.00
20180711152435	8800.00	28.00	0.00	0.00
20180711152436	8800.00	28.00	0.00	0.00
20180711152437	8800.00	28.00	0.00	0.00
20180711152438	9000.00	28.00	0.00	0.00
20180711152439	9000.00	28.00	0.00	0.00
20180711152440	9000.00	28.00	0.00	0.00
20180711152441	9000.00	28.00	0.00	0.00
20180711152442	8900.00	28.00	0.00	0.00
20180711152443	8900.00	28.00	0.00	0.00
20180711152444	9000.00	27.00	0.00	0.00
20180711152445	9000.00	27.00	0.00	0.00
20180711152446	8800.00	28.00	0.00	0.00
20180711152447	8800.00	28.00	0.00	0.00
20180711152448	9000.00	28.00	0.00	0.00
20180711152449	9000.00	28.00	0.00	0.00
20180711152450	8900.00	28.00	0.00	0.00
20180711152451	8900.00	28.00	0.00	0.00
20180711152452	8900.00	28.00	0.00	0.00
20180711152453	8800.00	28.00	0.00	0.00
20180711152454	8800.00	28.00	0.00	0.00
20180711152455	9000.00	28.00	0.00	0.00
20180711152456	9000.00	28.00	0.00	0.00
20180711152457	9000.00	28.00	0.00	0.00
20180711152458	9000.00	28.00	0.00	0.00
20180711152459	9000.00	28.00	0.00	0.00
20180711152500	9000.00	28.00	0.00	0.00
20180711152501	9000.00	28.00	0.00	0.00
20180711152502	8800.00	28.00	0.00	0.00
20180711152503	8800.00	28.00	0.00	0.00
20180711152504	9000.00	28.00	0.00	0.00
20180711152505	9000.00	28.00	0.00	0.00
20180711152506	9000.00	27.00	0.00	0.00
20180711152507	9000.00	27.00	0.00	0.00
20180711152508	8800.00	28.00	0.00	0.00
20180711152509	8800.00	28.00	0.00	0.00
20180711152510	8900.00	28.00	0.00	0.00
20180711152511	8900.00	28.00	0.00	0.00
20180711152512	8800.00	28.00	0.00	0.00
20180711152513	8800.00	28.00	0.00	0.00
20180711152514	8900.00	26.00	0.00	0.00
20180711152515	8900.00	26.00	0.00	0.00
20180711152516	8800.00	28.00	0.00	0.00
20180711152517	8800.00	28.00	0.00	0.00
20180711152518	9000.00	28.00	0.00	0.00
20180711152519	9000.00	28.00	0.00	0.00
20180711152520	9000.00	28.00	0.00	0.00
20180711152521	9100.00	28.00	0.00	0.00
20180711152522	9100.00	28.00	0.00	0.00
20180711152523	8800.00	29.00	0.00	0.00
20180711152524	8800.00	29.00	0.00	0.00
20180711152525	8900.00	28.00	0.00	0.00
20180711152526	8900.00	28.00	0.00	0.00
20180711152527	8900.00	28.00	0.00	0.00
20180711152528	8800.00	28.00	0.00	0.00
20180711152529	8800.00	28.00	0.00	0.00
20180711152530	8900.00	27.00	0.00	0.00
20180711152531	8900.00	27.00	0.00	0.00
20180711152532	8800.00	28.00	0.00	0.00
20180711152533	8800.00	28.00	0.00	0.00
20180711152534	9000.00	28.00	0.00	0.00
20180711152535	9000.00	28.00	0.00	0.00
20180711152536	8800.00	28.00	0.00	0.00
20180711152537	8800.00	28.00	0.00	0.00
20180711152538	8800.00	28.00	0.00	0.00
20180711152539	8800.00	28.00	0.00	0.00
20180711152540	8800.00	27.00	0.00	0.00
20180711152541	8800.00	27.00	0.00	0.00
20180711152542	8800.00	27.00	0.00	0.00
20180711152543	8800.00	28.00	0.00	0.00
20180711152544	8800.00	28.00	0.00	0.00
20180711152545	8800.00	30.00	0.00	0.00
20180711152546	8800.00	30.00	0.00	0.00
20180711152547	8800.00	28.00	0.00	0.00
20180711152548	8800.00	28.00	0.00	0.00
20180711152549	8800.00	28.00	0.00	0.00
20180711152550	8800.00	28.00	0.00	0.00
20180711152551	8800.00	28.00	0.00	0.00
20180711152552	8800.00	28.00	0.00	0.00
20180711152553	8800.00	27.00	0.00	0.00
20180711152554	8800.00	27.00	0.00	0.00
20180711152555	8800.00	28.00	0.00	0.00
20180711152556	8800.00	28.00	0.00	0.00
20180711152557	8800.00	28.00	0.00	0.00
20180711152558	8800.00	28.00	0.00	0.00
20180711152559	8800.00	28.00	0.00	0.00
20180711152600	8800.00	28.00	0.00	0.00
20180711152601	8800.00	28.00	0.00	0.00
20180711152602	8800.00	27.00	0.00	0.00
20180711152603	8800.00	27.00	0.00	0.00
20180711152604	8800.00	28.00	0.00	0.00
20180711152605	8800.00	28.00	0.00	0.00
20180711152606	8800.00	28.00	0.00	0.00
20180711152607	8800.00	28.00	0.00	0.00
20180711152608	8800.00	28.00	0.00	0.00
20180711152609	8800.00	27.00	0.00	0.00
20180711152610	8800.00	27.00	0.00	0.00
20180711152611	8800.00	27.00	0.00	0.00
20180711152612	8800.00	27.00	0.00	0.00
20180711152613	8800.00	29.00	0.00	0.00
20180711152614	8800.00	29.00	0.00	0.00
20180711152615	8800.00	28.00	0.00	0.00
20180711152616	8800.00	28.00	0.00	0.00
20180711152617	8800.00	28.00	0.00	0.00
20180711152618	8800.00	28.00	0.00	0.00
20180711152619	8800.00	28.00	0.00	0.00
20180711152620	8800.00	28.00	0.00	0.00
20180711152621	8800.00	28.00	0.00	0.00
20180711152622	8800.00	28.00	0.00	0.00
20180711152623	8800.00	28.00	0.00	0.00
20180711152624	8800.00	28.00	0.00	0.00
20180711152625	8800.00	28.00	0.00	0.00
20180711152626	8900.00	28.00	0.00	0.00
20180711152627	8900.00	28.00	0.00	0.00
20180711152628	8800.00	28.00	0.00	0.00
20180711152629	8800.00	28.00	0.00	0.00
20180711152630	8800.00	28.00	0.00	0.00
20180711152631	8800.00	28.00	0.00	0.00
20180711152632	8900.00	28.00	0.00	0.00
20180711152633	8900.00	28.00	0.00	0.00
20180711152634	8800.00	27.00	0.00	0.00
20180711152635	8800.00	27.00	0.00	0.00
20180711152636	8800.00	27.00	0.00	0.00
20180711152637	8800.00	28.00	0.00	0.00
20180711152638	8800.00	28.00	0.00	0.00
20180711152639	8900.00	28.00	0.00	0.00
20180711152640	8900.00	28.00	0.00	0.00
20180711152641	8800.00	28.00	0.00	0.00
20180711152642	8800.00	28.00	0.00	0.00
20180711152643	8800.00	28.00	0.00	0.00
20180711152644	8800.00	28.00	0.00	0.00
20180711152645	8900.00	28.00	0.00	0.00
20180711152646	8900.00	28.00	0.00	0.00
20180711152647	8900.00	28.00	0.00	0.00
20180711152648	8800.00	28.00	0.00	0.00
20180711152649	8800.00	28.00	0.00	0.00
20180711152650	8800.00	28.00	0.00	0.00
20180711152651	8800.00	28.00	0.00	0.00
20180711152652	8900.00	28.00	0.00	0.00
20180711152653	8900.00	28.00	0.00	0.00
20180711152654	8800.00	28.00	0.00	0.00
20180711152655	8800.00	28.00	0.00	0.00
20180711152656	8800.00	28.00	0.00	0.00
20180711152657	8800.00	28.00	0.00	0.00
20180711152658	8800.00	28.00	0.00	0.00
20180711152659	8800.00	28.00	0.00	0.00
20180711152700	8800.00	29.00	0.00	0.00
20180711152701	8800.00	29.00	0.00	0.00
20180711152702	8800.00	28.00	0.00	0.00
20180711152703	8800.00	28.00	0.00	0.00
20180711152704	8800.00	28.00	0.00	0.00
20180711152705	8800.00	28.00	0.00	0.00
20180711152706	8800.00	28.00	0.00	0.00
20180711152707	8900.00	28.00	0.00	0.00
20180711152708	8900.00	28.00	0.00	0.00
20180711152709	8800.00	28.00	0.00	0.00
20180711152710	8800.00	28.00	0.00	0.00
20180711152711	8800.00	28.00	0.00	0.00
20180711152712	8800.00	28.00	0.00	0.00
20180711152713	8800.00	28.00	0.00	0.00
