20171110181559	0.00	0.00	0.00
20171110181600	0.00	0.00	0.00
20171110181601	0.00	0.00	0.00
20171110181602	0.00	0.00	0.00
20171110181603	0.00	0.00	0.00
20171110181604	0.00	0.00	0.00
20171110181605	0.00	0.00	-12.96
20171110181606	0.60	761.30	-12.96
20171110181607	0.60	761.30	-12.95
20171110181608	0.60	761.40	-12.95
20171110181609	0.60	761.40	-12.95
20171110181610	0.60	761.40	-12.95
20171110181611	0.60	761.40	-12.95
20171110181612	0.60	761.40	-12.95
20171110181613	0.60	761.40	-12.95
20171110181614	0.60	761.40	-12.95
20171110181615	0.60	761.40	-12.95
20171110181617	0.60	761.40	-12.95
20171110181618	0.60	761.40	-12.95
20171110181619	0.60	761.40	-12.96
20171110181620	0.60	761.40	-12.96
20171110181621	0.60	761.40	-12.96
20171110181622	0.50	761.40	-12.96
20171110181623	0.50	761.40	-12.97
20171110181624	0.60	761.40	-12.97
20171110181625	0.60	761.40	-12.97
20171110181626	0.60	761.40	-12.96
20171110181627	0.60	761.40	-12.96
20171110181628	0.50	761.40	-12.96
20171110181629	0.50	761.40	-12.96
20171110181630	0.50	761.40	-12.96
20171110181631	0.50	761.40	-12.96
20171110181632	0.50	761.40	-12.96
20171110181633	0.50	761.40	-12.96
20171110181634	0.50	761.40	-12.95
20171110181635	0.50	761.40	-12.95
20171110181636	0.50	761.40	-12.96
20171110181637	0.60	761.40	-12.96
20171110181638	0.60	761.40	-12.96
20171110181639	0.60	761.40	-12.96
20171110181640	0.50	761.40	-12.96
20171110181641	0.50	761.50	-12.96
20171110181642	0.60	761.50	-12.96
20171110181643	0.60	761.40	-12.96
20171110181644	0.60	761.40	-12.96
20171110181645	0.60	761.40	-12.96
20171110181646	0.60	761.40	-12.97
20171110181647	0.60	761.40	-12.97
20171110181648	0.60	761.40	-12.96
20171110181649	0.60	761.50	-12.96
20171110181650	0.60	761.50	-12.96
20171110181651	0.60	761.40	-12.96
20171110181652	0.60	761.40	-12.96
20171110181653	0.60	761.40	-12.96
20171110181654	0.60	761.40	-12.96
20171110181655	0.60	761.40	-12.96
20171110181656	0.50	761.40	-12.96
20171110181657	0.50	761.40	-12.96
20171110181658	0.50	761.50	-12.96
20171110181659	0.50	761.50	-12.96
20171110181700	0.50	761.40	-12.96
20171110181701	0.50	761.40	-12.96
20171110181702	0.60	761.40	-12.96
20171110181703	0.60	761.40	-12.96
20171110181704	0.50	761.40	-12.96
20171110181705	0.50	761.40	-12.96
20171110181706	0.50	761.40	-12.96
20171110181707	0.60	761.40	-12.96
20171110181708	0.60	761.40	-12.96
20171110181709	0.60	761.50	-12.96
20171110181710	0.60	761.50	-12.96
20171110181711	0.60	761.40	-12.96
20171110181712	0.60	761.40	-12.96
20171110181713	0.60	761.50	-12.96
20171110181714	0.60	761.50	-12.96
20171110181715	0.60	761.50	-12.96
20171110181716	0.60	761.40	-12.96
20171110181717	0.60	761.40	-12.96
20171110181718	0.60	761.50	-12.96
20171110181719	0.60	761.50	-12.95
20171110181720	0.60	761.40	-12.95
20171110181721	0.60	761.40	-12.96
20171110181723	0.60	761.50	-12.96
20171110181724	0.60	761.50	-12.96
20171110181725	0.60	761.50	-12.96
20171110181726	0.60	761.50	-12.96
20171110181727	0.60	761.50	-12.96
20171110181728	0.60	761.50	-12.96
20171110181729	0.60	761.50	-12.96
20171110181730	0.60	761.30	-12.96
20171110181731	0.60	761.40	-12.96
20171110181732	0.60	761.40	-12.96
20171110181733	0.60	761.50	-12.96
20171110181734	0.60	761.50	-12.95
20171110181735	0.60	761.50	-12.95
20171110181736	0.60	761.50	-12.96
20171110181737	0.50	761.40	-12.96
20171110181738	0.60	761.40	-12.95
20171110181747	0.60	761.40	-12.95
20171110181748	0.60	761.40	-12.95
20171110181749	0.60	761.50	-12.95
20171110181750	0.60	761.50	-12.95
20171110181751	0.60	761.40	-12.95
20171110181801	0.60	761.50	-12.95
20171110181802	0.60	761.40	-12.95
20171110181803	0.60	761.40	-12.95
20171110181804	0.50	761.40	-12.95
20171110181805	0.50	761.50	-12.95
20171110181806	0.60	761.50	-12.95
20171110181807	0.60	761.50	-12.95
20171110181808	0.60	761.50	-12.95
20171110181809	0.60	761.40	-12.95
20171110181810	0.60	761.40	-12.96
20171110181811	0.60	761.50	-12.96
20171110181812	0.60	761.50	-12.95
20171110181813	0.60	761.50	-12.95
20171110181814	0.60	761.50	-12.95
20171110181815	0.60	761.40	-12.95
20171110181816	0.60	761.40	-12.95
20171110181817	0.60	761.40	-12.95
20171110181818	0.60	761.40	-12.96
20171110181819	0.60	761.40	-12.96
20171110181820	0.60	761.40	-12.96
20171110181821	0.60	761.40	-12.96
20171110181823	0.60	761.40	-12.96
20171110181824	0.60	761.40	-12.96
20171110181828	0.50	761.50	-12.96
20171110181829	0.60	761.40	-12.96
20171110181830	0.60	761.40	-12.96
20171110181831	0.60	761.40	-12.96
20171110181832	0.60	761.40	-12.95
20171110181833	0.60	761.50	-12.95
20171110181835	0.60	761.50	-12.95
20171110181836	0.60	761.50	-12.95
20171110181837	0.60	761.50	-12.95
20171110181838	0.60	761.50	-12.95
20171110181839	0.60	761.50	-12.95
20171110181840	0.60	761.60	-12.95
20171110181841	0.60	761.60	-12.96
20171110181842	0.60	761.60	-12.96
20171110181843	0.60	761.50	-12.96
20171110181844	0.60	761.50	-12.95
20171110181845	0.60	761.50	-12.95
20171110181846	0.60	761.50	-12.95
20171110181847	0.60	761.50	-12.95
20171110181848	0.60	761.50	-12.95
20171110181849	0.60	761.50	-12.95
20171110181850	0.60	761.50	-12.95
20171110181851	0.60	761.50	-12.95
20171110181852	0.60	761.50	-12.95
20171110181853	0.60	761.50	-12.95
20171110181854	0.60	761.50	-12.95
20171110181855	0.60	761.40	-12.94
20171110181856	0.60	761.40	-12.94
20171110181857	0.60	761.40	-12.94
20171110181858	0.60	761.40	-12.95
20171110181859	0.60	761.40	-12.95
20171110181900	0.60	761.40	-12.95
20171110181901	0.60	761.40	-12.95
20171110181902	0.60	761.40	-12.95
20171110181903	0.60	761.50	-12.94
20171110181904	0.60	761.50	-12.95
20171110181905	0.60	761.50	-12.95
20171110181906	0.60	761.50	-12.94
20171110181907	0.60	761.50	-12.94
20171110181908	0.60	761.50	-12.94
20171110181909	0.60	761.40	-12.94
20171110181910	0.60	761.40	-12.95
20171110181911	0.60	761.50	-12.95
20171110181912	0.60	761.50	-12.94
20171110181913	0.60	761.50	-12.94
20171110181914	0.60	761.50	-12.94
20171110181915	0.60	761.50	-12.94
20171110181916	0.60	761.50	-12.94
20171110181917	0.60	761.50	-12.95
20171110181918	0.60	761.50	-12.95
20171110181919	0.60	761.50	-12.94
20171110181920	0.60	761.50	-12.94
20171110181921	0.60	761.50	-12.94
20171110181922	0.60	761.50	-12.95
20171110181923	0.60	761.50	-12.95
20171110181924	0.60	761.50	-12.95
20171110181925	0.60	761.50	-12.94
20171110181926	0.60	761.50	-12.94
20171110181927	0.60	761.50	-12.95
20171110181928	0.60	761.40	-12.95
20171110181929	0.60	761.40	-12.95
20171110181930	0.60	761.50	-12.95
20171110181931	0.60	761.50	-12.96
20171110181932	0.60	761.50	-12.96
20171110181933	0.60	761.50	-12.95
20171110181934	0.60	761.50	-12.95
20171110181935	0.60	761.50	-12.95
20171110181936	0.60	761.60	-12.95
20171110181937	0.60	761.60	-12.95
20171110181938	0.60	761.50	-12.95
20171110181939	0.60	761.50	-12.95
20171110181940	0.60	761.50	-12.95
20171110181942	0.60	761.50	-12.95
20171110181943	0.60	761.60	-12.95
20171110181944	0.60	761.60	-12.95
20171110181945	0.60	761.60	-12.95
20171110181946	0.60	761.50	-12.95
20171110181947	0.60	761.50	-12.95
20171110181948	0.60	761.50	-12.95
20171110181949	0.60	761.50	-12.95
20171110181950	0.60	761.50	-12.95
20171110181951	0.60	761.50	-12.95
20171110181952	0.60	761.50	-12.95
20171110181953	0.60	761.50	-12.95
20171110181954	0.60	761.50	-12.95
20171110181955	0.60	761.50	-12.95
20171110181956	0.60	761.50	-12.95
20171110181957	0.60	761.50	-12.95
20171110181958	0.60	761.50	-12.95
20171110181959	0.60	761.50	-12.95
20171110182000	0.60	761.50	-12.95
20171110182002	0.60	761.60	-12.95
20171110182003	0.60	761.60	-12.95
20171110182004	0.60	761.50	-12.95
20171110182005	0.60	761.50	-12.95
20171110182006	0.50	761.50	-12.95
20171110182007	0.50	761.50	-12.95
20171110182008	0.60	761.60	-12.95
20171110182009	0.60	761.60	-12.95
20171110182010	0.60	761.40	-12.95
20171110182011	0.60	761.40	-12.95
20171110182012	0.60	761.50	-12.95
20171110182013	0.60	761.50	-12.95
20171110182014	0.60	761.50	-12.95
20171110182015	0.60	761.60	-12.95
20171110182016	0.60	761.60	-12.95
20171110182017	0.60	761.60	-12.95
20171110182018	0.60	761.60	-12.95
20171110182019	0.60	761.60	-12.95
20171110182022	0.60	761.50	-12.95
20171110182023	0.60	761.50	-12.95
20171110182024	0.60	761.50	-12.95
20171110182025	0.60	761.50	-12.95
20171110182026	0.60	761.50	-12.95
20171110182027	0.60	761.50	-12.94
20171110182028	0.60	761.50	-12.95
20171110182029	0.60	761.50	-12.95
20171110182030	0.60	761.50	-12.96
20171110182031	0.60	761.50	-12.96
20171110182032	0.60	761.50	-12.95
20171110182033	0.50	761.40	-12.95
20171110182034	0.50	761.40	-12.94
20171110182035	0.60	761.60	-12.94
