20171219185514	0.00	0.00	0.00	0.00
20171219185515	0.00	0.00	0.00	0.00
20171219185543	0.00	0.00	0.00	0.00
20171219185544	0.00	0.00	0.00	0.00
20171219185545	0.00	0.00	0.00	0.00
20171219185546	0.00	0.00	0.00	0.00
20171219185547	0.00	0.00	0.00	0.00
20171219185548	0.00	0.00	0.00	0.00
20171219185549	0.00	0.00	0.00	0.00
20171219185550	0.00	0.00	0.00	0.00
20171219185551	0.00	0.00	0.00	0.00
20171219185552	0.00	0.00	0.00	0.00
20171219185553	0.00	0.00	0.00	0.00
20171219185554	0.00	0.00	0.00	0.00
20171219185555	0.00	0.00	0.00	0.00
20171219185556	0.00	0.00	0.00	0.00
20171219185557	0.00	0.00	0.00	0.00
20171219185558	0.00	0.00	0.00	0.00
20171219185559	0.00	0.00	0.00	0.00
20171219185600	0.00	0.00	0.00	0.00
20171219185601	0.00	0.00	0.00	0.00
20171219185602	0.00	0.00	0.00	0.00
20171219185603	0.00	0.00	0.00	0.00
20171219185604	0.00	0.00	0.00	0.00
20171219185605	0.00	0.00	0.00	0.00
20171219185606	0.00	0.00	0.00	0.00
20171219185607	0.00	0.00	0.00	0.00
20171219185608	0.00	0.00	0.00	0.00
20171219185609	0.00	0.00	0.00	0.00
20171219185610	0.00	0.00	0.00	0.00
20171219185611	0.00	0.00	0.00	0.00
20171219185612	0.00	0.00	0.00	0.00
20171219185613	0.00	0.00	0.00	0.00
20171219185614	0.00	0.00	0.00	0.00
20171219185615	0.00	0.00	0.00	0.00
20171219185616	0.00	0.00	0.00	0.00
20171219185617	0.00	0.00	0.00	0.00
20171219185618	0.00	0.00	0.00	0.00
20171219185619	0.00	0.00	0.00	0.00
20171219185620	0.00	0.00	0.00	0.00
20171219185621	0.00	0.00	0.00	0.00
20171219185622	0.00	0.00	0.00	0.00
20171219185623	0.00	0.00	0.00	0.00
20171219185624	0.00	0.00	0.00	0.00
20171219185625	0.00	0.00	0.00	0.00
20171219185626	0.00	0.00	0.00	0.00
20171219185627	0.00	0.00	0.00	0.00
20171219185628	0.00	0.00	0.00	0.00
20171219185629	0.00	0.00	0.00	0.00
20171219185630	0.00	0.00	0.00	0.00
20171219185631	0.00	0.00	0.00	0.00
20171219185632	0.00	0.00	0.00	0.00
20171219185633	0.00	0.00	0.00	0.00
20171219185634	0.00	0.00	0.00	0.00
20171219185635	0.00	0.00	0.00	0.00
20171219185636	0.00	0.00	0.00	0.00
20171219185637	0.00	0.00	0.00	0.00
20171219185638	0.00	0.00	0.00	0.00
20171219185641	0.00	0.00	0.00	0.00
20171219185642	0.00	0.00	0.00	0.00
20171219185643	0.00	0.00	0.00	0.00
20171219185644	0.00	0.00	0.00	0.00
20171219185645	0.00	0.00	0.00	0.00
20171219185646	0.00	0.00	0.00	0.00
20171219185647	0.00	0.00	0.00	0.00
20171219185648	0.00	0.00	0.00	0.00
20171219185649	0.00	0.00	0.00	0.00
20171219185650	0.00	0.00	0.00	0.00
20171219185651	0.00	0.00	0.00	0.00
20171219185652	0.00	0.00	0.00	0.00
20171219185653	0.00	0.00	0.00	0.00
20171219185654	0.00	0.00	0.00	0.00
20171219185655	0.00	0.00	0.00	0.00
20171219185656	0.00	0.00	0.00	0.00
20171219185657	0.00	0.00	0.00	0.00
20171219185658	0.00	0.00	0.00	0.00
20171219185659	0.00	0.00	0.00	0.00
20171219185700	0.00	0.00	0.00	0.00
20171219185701	0.00	0.00	0.00	0.00
20171219185702	0.00	0.00	0.00	0.00
20171219185708	0.00	0.00	0.00	0.00
20171219185709	0.00	0.00	0.00	0.00
20171219185710	0.00	0.00	0.00	0.00
20171219185711	0.00	0.00	0.00	0.00
20171219185712	0.00	0.00	0.00	0.00
20171219185713	0.00	0.00	0.00	0.00
20171219185716	0.00	0.00	0.00	0.00
20171219185717	0.00	0.00	0.00	0.00
20171219185718	0.00	0.00	0.00	0.00
20171219185719	0.00	0.00	0.00	0.00
20171219185720	0.00	0.00	0.00	0.00
20171219185721	0.00	0.00	0.00	0.00
20171219185722	0.00	0.00	0.00	0.00
20171219185723	0.00	0.00	0.00	0.00
20171219185724	0.00	0.00	0.00	0.00
20171219185725	0.00	0.00	0.00	0.00
20171219185726	0.00	0.00	0.00	0.00
20171219185727	0.00	0.00	0.00	0.00
20171219185728	0.00	0.00	0.00	0.00
20171219185734	0.00	0.00	0.00	0.00
20171219185735	0.00	0.00	0.00	0.00
20171219185736	0.00	0.00	0.00	0.00
20171219185737	0.00	0.00	0.00	0.00
20171219185738	0.00	0.00	0.00	0.00
20171219185739	0.00	0.00	0.00	0.00
20171219185740	0.00	0.00	0.00	0.00
20171219185741	0.00	0.00	0.00	0.00
20171219185742	0.00	0.00	0.00	0.00
20171219185743	0.00	0.00	0.00	0.00
20171219185744	0.00	0.00	0.00	0.00
20171219185745	0.00	0.00	0.00	0.00
20171219185746	0.00	0.00	0.00	0.00
20171219185747	0.00	0.00	0.00	0.00
20171219185748	0.00	0.00	0.00	0.00
20171219185749	0.00	0.00	0.00	0.00
20171219185750	0.00	0.00	0.00	0.00
20171219185751	0.00	0.00	0.00	0.00
20171219185753	0.00	0.00	0.00	0.00
20171219185754	0.00	0.00	0.00	0.00
20171219185755	0.00	0.00	0.00	0.00
20171219185756	0.00	0.00	0.00	0.00
20171219185757	0.00	0.00	0.00	0.00
20171219185758	0.00	0.00	0.00	0.00
20171219185759	0.00	0.00	0.00	0.00
20171219185800	0.00	0.00	0.00	0.00
20171219185801	0.00	0.00	0.00	0.00
20171219185802	0.00	0.00	0.00	0.00
20171219185803	0.00	0.00	0.00	0.00
20171219185804	0.00	0.00	0.00	0.00
20171219185805	0.00	0.00	0.00	0.00
20171219185806	0.00	0.00	0.00	0.00
20171219185807	0.00	0.00	0.00	0.00
20171219185808	0.00	0.00	0.00	0.00
20171219185809	0.00	0.00	0.00	0.00
20171219185810	0.00	0.00	0.00	0.00
20171219185811	0.00	0.00	0.00	0.00
20171219185812	0.00	0.00	0.00	0.00
20171219185813	0.00	0.00	0.00	0.00
20171219185814	0.00	0.00	0.00	0.00
20171219185815	0.00	0.00	0.00	0.00
20171219185816	0.00	0.00	0.00	0.00
20171219185817	0.00	0.00	0.00	0.00
20171219185818	0.00	0.00	0.00	0.00
20171219185819	0.00	0.00	0.00	0.00
20171219185820	0.00	0.00	0.00	0.00
20171219185821	0.00	0.00	0.00	0.00
20171219185822	0.00	0.00	0.00	0.00
20171219185828	0.00	0.00	0.00	0.00
20171219185829	0.00	0.00	0.00	0.00
20171219185830	0.00	0.00	0.00	0.00
20171219185846	0.00	0.00	0.00	0.00
20171219185847	0.00	0.00	0.00	0.00
20171219185848	0.00	0.00	0.00	0.00
20171219185849	0.00	0.00	0.00	0.00
20171219185850	0.00	0.00	0.00	0.00
20171219185851	0.00	0.00	0.00	0.00
20171219185852	0.00	0.00	0.00	0.00
20171219185853	0.00	0.00	0.00	0.00
20171219185854	0.00	0.00	0.00	0.00
20171219185855	0.00	0.00	0.00	0.00
20171219185856	0.00	0.00	0.00	0.00
20171219185857	0.00	0.00	0.00	0.00
20171219185858	0.00	0.00	0.00	0.00
20171219185859	0.00	0.00	0.00	0.00
20171219185900	0.00	0.00	0.00	0.00
20171219185901	0.00	0.00	0.00	0.00
20171219185902	0.00	0.00	0.00	0.00
20171219185903	0.00	0.00	0.00	0.00
20171219185904	0.00	0.00	0.00	0.00
20171219185905	0.00	0.00	0.00	0.00
20171219185906	0.00	0.00	0.00	0.00
20171219185907	0.00	0.00	0.00	0.00
20171219185908	0.00	0.00	0.00	0.00
20171219185909	0.00	0.00	0.00	0.00
20171219185910	0.00	0.00	0.00	0.00
20171219185911	0.00	0.00	0.00	0.00
20171219185912	0.00	0.00	0.00	0.00
20171219185913	0.00	0.00	0.00	0.00
20171219185914	0.00	0.00	0.00	0.00
20171219185915	0.00	0.00	0.00	0.00
20171219185916	0.00	0.00	0.00	0.00
20171219185917	0.00	0.00	0.00	0.00
20171219185918	0.00	0.00	0.00	0.00
20171219185919	0.00	0.00	0.00	0.00
20171219185920	0.00	0.00	0.00	0.00
20171219185921	0.00	0.00	0.00	0.00
20171219185922	0.00	0.00	0.00	0.00
20171219185923	0.00	0.00	0.00	0.00
20171219185924	0.00	0.00	0.00	0.00
20171219185925	0.00	0.00	0.00	0.00
20171219185926	0.00	0.00	0.00	0.00
20171219185927	0.00	0.00	0.00	0.00
20171219185928	0.00	0.00	0.00	0.00
20171219185929	0.00	0.00	0.00	0.00
20171219185930	0.00	0.00	0.00	0.00
20171219185940	0.00	0.00	0.00	0.00
20171219185941	0.00	0.00	0.00	0.00
20171219185942	0.00	0.00	0.00	0.00
20171219185943	0.00	0.00	0.00	0.00
20171219185944	0.00	0.00	0.00	0.00
20171219185945	0.00	0.00	0.00	0.00
20171219185946	0.00	0.00	0.00	0.00
20171219185947	0.00	0.00	0.00	0.00
20171219185948	0.00	0.00	0.00	0.00
20171219185950	0.00	0.00	0.00	0.00
20171219185951	0.00	0.00	0.00	0.00
20171219185952	0.00	0.00	0.00	0.00
20171219185954	0.00	0.00	0.00	0.00
20171219185955	0.00	0.00	0.00	0.00
20171219185956	0.00	0.00	0.00	0.00
20171219185957	0.00	0.00	0.00	0.00
20171219185958	0.00	0.00	0.00	0.00
20171219185959	0.00	0.00	0.00	0.00
20171219190000	0.00	0.00	0.00	0.00
20171219190001	0.00	0.00	0.00	0.00
20171219190002	0.00	0.00	0.00	0.00
20171219190003	0.00	0.00	0.00	0.00
20171219190004	0.00	0.00	0.00	0.00
20171219190005	0.00	0.00	0.00	0.00
20171219190006	0.00	0.00	0.00	0.00
20171219190007	0.00	0.00	0.00	0.00
20171219190008	0.00	0.00	0.00	0.00
20171219190009	0.00	0.00	0.00	0.00
20171219190010	0.00	0.00	0.00	0.00
20171219190011	0.00	0.00	0.00	0.00
20171219190012	0.00	0.00	0.00	0.00
20171219190013	0.00	0.00	0.00	0.00
20171219190014	0.00	0.00	0.00	0.00
20171219190015	0.00	0.00	0.00	0.00
20171219190016	0.00	0.00	0.00	0.00
20171219190017	0.00	0.00	0.00	0.00
20171219190018	0.00	0.00	0.00	0.00
20171219190019	0.00	0.00	0.00	0.00
20171219190020	0.00	0.00	0.00	0.00
20171219190021	0.00	0.00	0.00	0.00
20171219190022	0.00	0.00	0.00	0.00
20171219190023	0.00	0.00	0.00	0.00
20171219190024	0.00	0.00	0.00	0.00
20171219190025	0.00	0.00	0.00	0.00
20171219190026	0.00	0.00	0.00	0.00
20171219190027	0.00	0.00	0.00	0.00
20171219190028	0.00	0.00	0.00	0.00
20171219190029	0.00	0.00	0.00	0.00
20171219190030	0.00	0.00	0.00	0.00
20171219190031	0.00	0.00	0.00	0.00
20171219190032	0.00	0.00	0.00	0.00
20171219190033	0.00	0.00	0.00	0.00
20171219190034	0.00	0.00	0.00	0.00
20171219190035	0.00	0.00	0.00	0.00
20171219190036	0.00	0.00	0.00	0.00
20171219190037	0.00	0.00	0.00	0.00
20171219190038	0.00	0.00	0.00	0.00
20171219190039	0.00	0.00	0.00	0.00
20171219190040	0.00	0.00	0.00	0.00
20171219190041	0.00	0.00	0.00	0.00
20171219190042	0.00	0.00	0.00	0.00
20171219190044	0.00	0.00	0.00	0.00
20171219190045	0.00	0.00	0.00	0.00
20171219190046	0.00	0.00	0.00	0.00
20171219190047	0.00	0.00	0.00	0.00
20171219190051	0.00	0.00	0.00	0.00
20171219190052	0.00	0.00	0.00	0.00
20171219190053	0.00	0.00	0.00	0.00
20171219190054	0.00	0.00	0.00	0.00
20171219190055	0.00	0.00	0.00	0.00
20171219190056	0.00	0.00	0.00	0.00
20171219190057	0.00	0.00	0.00	0.00
20171219190058	0.00	0.00	0.00	0.00
20171219190059	0.00	0.00	0.00	0.00
20171219190100	0.00	0.00	0.00	0.00
20171219190101	0.00	0.00	0.00	0.00
20171219190102	0.00	0.00	0.00	0.00
20171219190104	0.00	0.00	0.00	0.00
20171219190105	0.00	0.00	0.00	0.00
20171219190106	0.00	0.00	0.00	0.00
20171219190107	0.00	0.00	0.00	0.00
20171219190108	0.00	0.00	0.00	0.00
20171219190109	0.00	0.00	0.00	0.00
20171219190110	0.00	0.00	0.00	0.00
20171219190111	0.00	0.00	0.00	0.00
20171219190112	0.00	0.00	0.00	0.00
20171219190113	0.00	0.00	0.00	0.00
20171219190114	0.00	0.00	0.00	0.00
20171219190115	0.00	0.00	0.00	0.00
20171219190116	0.00	0.00	0.00	0.00
20171219190120	0.00	0.00	0.00	0.00
20171219190121	0.00	0.00	0.00	0.00
20171219190122	0.00	0.00	0.00	0.00
20171219190123	0.00	0.00	0.00	0.00
20171219190124	0.00	0.00	0.00	0.00
20171219190125	0.00	0.00	0.00	0.00
20171219190126	0.00	0.00	0.00	0.00
20171219190127	0.00	0.00	0.00	0.00
20171219190128	0.00	0.00	0.00	0.00
20171219190129	0.00	0.00	0.00	0.00
20171219190130	0.00	0.00	0.00	0.00
20171219190131	0.00	0.00	0.00	0.00
20171219190132	0.00	0.00	0.00	0.00
20171219190133	0.00	0.00	0.00	0.00
20171219190134	0.00	0.00	0.00	0.00
20171219190135	0.00	0.00	0.00	0.00
20171219190136	0.00	0.00	0.00	0.00
20171219190137	0.00	0.00	0.00	0.00
20171219190138	0.00	0.00	0.00	0.00
20171219190154	0.00	0.00	0.00	0.00
20171219190155	0.00	0.00	0.00	0.00
20171219190156	0.00	0.00	0.00	0.00
20171219190157	0.00	0.00	0.00	0.00
20171219190158	0.00	0.00	0.00	0.00
20171219190159	0.00	0.00	0.00	0.00
20171219190200	0.00	0.00	0.00	0.00
20171219190201	0.00	0.00	0.00	0.00
20171219190202	0.00	0.00	0.00	0.00
20171219190203	0.00	0.00	0.00	0.00
20171219190204	0.00	0.00	0.00	0.00
20171219190205	0.00	0.00	0.00	0.00
20171219190206	0.00	0.00	0.00	0.00
20171219190207	0.00	0.00	0.00	0.00
20171219190208	0.00	0.00	0.00	0.00
20171219190209	0.00	0.00	0.00	0.00
20171219190210	0.00	0.00	0.00	0.00
20171219190211	0.00	0.00	0.00	0.00
20171219190212	0.00	0.00	0.00	0.00
20171219190213	0.00	0.00	0.00	0.00
20171219190214	0.00	0.00	0.00	0.00
20171219190215	0.00	0.00	0.00	0.00
20171219190216	0.00	0.00	0.00	0.00
20171219190217	0.00	0.00	0.00	0.00
20171219190218	0.00	0.00	0.00	0.00
20171219190219	0.00	0.00	0.00	0.00
20171219190220	0.00	0.00	0.00	0.00
20171219190221	0.00	0.00	0.00	0.00
20171219190222	0.00	0.00	0.00	0.00
20171219190223	0.00	0.00	0.00	0.00
20171219190224	0.00	0.00	0.00	0.00
20171219190225	0.00	0.00	0.00	0.00
20171219190226	0.00	0.00	0.00	0.00
20171219190227	0.00	0.00	0.00	0.00
20171219190228	0.00	0.00	0.00	0.00
20171219190229	0.00	0.00	0.00	0.00
20171219190230	0.00	0.00	0.00	0.00
20171219190231	0.00	0.00	0.00	0.00
20171219190232	0.00	0.00	0.00	0.00
20171219190233	0.00	0.00	0.00	0.00
20171219190234	0.00	0.00	0.00	0.00
20171219190235	0.00	0.00	0.00	0.00
20171219190236	0.00	0.00	0.00	0.00
20171219190237	0.00	0.00	0.00	0.00
20171219190239	0.00	0.00	0.00	0.00
20171219190240	0.00	0.00	0.00	0.00
20171219190241	0.00	0.00	0.00	0.00
20171219190242	0.00	0.00	0.00	0.00
20171219190243	0.00	0.00	0.00	0.00
20171219190244	0.00	0.00	0.00	0.00
20171219190245	0.00	0.00	0.00	0.00
20171219190246	0.00	0.00	0.00	0.00
20171219190247	0.00	0.00	0.00	0.00
20171219190248	0.00	0.00	0.00	0.00
20171219190249	0.00	0.00	0.00	0.00
20171219190250	0.00	0.00	0.00	0.00
20171219190251	0.00	0.00	0.00	0.00
20171219190252	0.00	0.00	0.00	0.00
20171219190253	0.00	0.00	0.00	0.00
20171219190254	0.00	0.00	0.00	0.00
20171219190255	0.00	0.00	0.00	0.00
20171219190256	0.00	0.00	0.00	0.00
20171219190257	0.00	0.00	0.00	0.00
20171219190258	0.00	0.00	0.00	0.00
20171219190259	0.00	0.00	0.00	0.00
20171219190300	0.00	0.00	0.00	0.00
20171219190301	0.00	0.00	0.00	0.00
20171219190302	0.00	0.00	0.00	0.00
20171219190303	0.00	0.00	0.00	0.00
20171219190304	0.00	0.00	0.00	0.00
20171219190305	0.00	0.00	0.00	0.00
20171219190306	0.00	0.00	0.00	0.00
20171219190307	0.00	0.00	0.00	0.00
20171219190308	0.00	0.00	0.00	0.00
20171219190309	0.00	0.00	0.00	0.00
20171219190310	0.00	0.00	0.00	0.00
20171219190311	0.00	0.00	0.00	0.00
20171219190312	0.00	0.00	0.00	0.00
20171219190313	0.00	0.00	0.00	0.00
20171219190314	0.00	0.00	0.00	0.00
20171219190315	0.00	0.00	0.00	0.00
20171219190316	0.00	0.00	0.00	0.00
20171219190317	0.00	0.00	0.00	0.00
20171219190318	0.00	0.00	0.00	0.00
20171219190319	0.00	0.00	0.00	0.00
20171219190320	0.00	0.00	0.00	0.00
20171219190321	0.00	0.00	0.00	0.00
20171219190322	0.00	0.00	0.00	0.00
20171219190323	0.00	0.00	0.00	0.00
20171219190324	0.00	0.00	0.00	0.00
20171219190325	0.00	0.00	0.00	0.00
20171219190326	0.00	0.00	0.00	0.00
20171219190327	0.00	0.00	0.00	0.00
20171219190328	0.00	0.00	0.00	0.00
20171219190329	0.00	0.00	0.00	0.00
20171219190330	0.00	0.00	0.00	0.00
20171219190331	0.00	0.00	0.00	0.00
20171219190332	0.00	0.00	0.00	0.00
20171219190333	0.00	0.00	0.00	0.00
20171219190334	0.00	0.00	0.00	0.00
20171219190335	0.00	0.00	0.00	0.00
20171219190336	0.00	0.00	0.00	0.00
20171219190344	0.00	0.00	0.00	0.00
20171219190345	0.00	0.00	0.00	0.00
20171219190350	0.00	0.00	0.00	0.00
20171219190351	0.00	0.00	0.00	0.00
20171219190352	0.00	0.00	0.00	0.00
20171219190353	0.00	0.00	0.00	0.00
20171219190354	0.00	0.00	0.00	0.00
20171219190355	0.00	0.00	0.00	0.00
20171219190356	0.00	0.00	0.00	0.00
20171219190359	0.00	0.00	0.00	0.00
20171219190400	0.00	0.00	0.00	0.00
20171219190401	0.00	0.00	0.00	0.00
20171219190402	0.00	0.00	0.00	0.00
20171219190403	0.00	0.00	0.00	0.00
20171219190404	0.00	0.00	0.00	0.00
20171219190405	0.00	0.00	0.00	0.00
20171219190406	0.00	0.00	0.00	0.00
20171219190407	0.00	0.00	0.00	0.00
20171219190408	0.00	0.00	0.00	0.00
20171219190409	0.00	0.00	0.00	0.00
20171219190410	0.00	0.00	0.00	0.00
20171219190411	0.00	0.00	0.00	0.00
20171219190412	0.00	0.00	0.00	0.00
20171219190414	0.00	0.00	0.00	0.00
20171219190415	0.00	0.00	0.00	0.00
20171219190416	0.00	0.00	0.00	0.00
20171219190417	0.00	0.00	0.00	0.00
20171219190418	0.00	0.00	0.00	0.00
20171219190419	0.00	0.00	0.00	0.00
20171219190420	0.00	0.00	0.00	0.00
20171219190428	0.00	0.00	0.00	0.00
20171219190429	0.00	0.00	0.00	0.00
20171219190430	0.00	0.00	0.00	0.00
20171219190431	0.00	0.00	0.00	0.00
20171219190432	0.00	0.00	0.00	0.00
20171219190433	0.00	0.00	0.00	0.00
20171219190434	0.00	0.00	0.00	0.00
20171219190435	0.00	0.00	0.00	0.00
20171219190436	0.00	0.00	0.00	0.00
20171219190437	0.00	0.00	0.00	0.00
20171219190438	0.00	0.00	0.00	0.00
20171219190439	0.00	0.00	0.00	0.00
20171219190440	0.00	0.00	0.00	0.00
20171219190441	0.00	0.00	0.00	0.00
20171219190447	0.00	0.00	0.00	0.00
20171219190448	0.00	0.00	0.00	0.00
20171219190449	0.00	0.00	0.00	0.00
20171219190450	0.00	0.00	0.00	0.00
20171219190451	0.00	0.00	0.00	0.00
20171219190452	0.00	0.00	0.00	0.00
20171219190453	0.00	0.00	0.00	0.00
20171219190454	0.00	0.00	0.00	0.00
20171219190455	0.00	0.00	0.00	0.00
20171219190456	0.00	0.00	0.00	0.00
20171219190457	0.00	0.00	0.00	0.00
20171219190458	0.00	0.00	0.00	0.00
20171219190459	0.00	0.00	0.00	0.00
20171219190500	0.00	0.00	0.00	0.00
20171219190501	0.00	0.00	0.00	0.00
20171219190502	0.00	0.00	0.00	0.00
20171219190503	0.00	0.00	0.00	0.00
20171219190504	0.00	0.00	0.00	0.00
20171219190505	0.00	0.00	0.00	0.00
20171219190506	0.00	0.00	0.00	0.00
20171219190507	0.00	0.00	0.00	0.00
20171219190508	0.00	0.00	0.00	0.00
20171219190509	0.00	0.00	0.00	0.00
20171219190510	0.00	0.00	0.00	0.00
20171219190511	0.00	0.00	0.00	0.00
20171219190512	0.00	0.00	0.00	0.00
20171219190513	0.00	0.00	0.00	0.00
20171219190514	0.00	0.00	0.00	0.00
20171219190515	0.00	0.00	0.00	0.00
20171219190516	0.00	0.00	0.00	0.00
20171219190517	0.00	0.00	0.00	0.00
20171219190518	0.00	0.00	0.00	0.00
20171219190519	0.00	0.00	0.00	0.00
20171219190520	0.00	0.00	0.00	0.00
20171219190521	0.00	0.00	0.00	0.00
20171219190522	0.00	0.00	0.00	0.00
20171219190523	0.00	0.00	0.00	0.00
20171219190524	0.00	0.00	0.00	0.00
20171219190525	0.00	0.00	0.00	0.00
20171219190526	0.00	0.00	0.00	0.00
20171219190527	0.00	0.00	0.00	0.00
20171219190528	0.00	0.00	0.00	0.00
20171219190529	0.00	0.00	0.00	0.00
20171219190530	0.00	0.00	0.00	0.00
20171219190531	0.00	0.00	0.00	0.00
20171219190539	0.00	0.00	0.00	0.00
20171219190540	0.00	0.00	0.00	0.00
20171219190541	0.00	0.00	0.00	0.00
20171219190542	0.00	0.00	0.00	0.00
20171219190543	0.00	0.00	0.00	0.00
20171219190544	0.00	0.00	0.00	0.00
20171219190545	0.00	0.00	0.00	0.00
20171219190546	0.00	0.00	0.00	0.00
20171219190547	0.00	0.00	0.00	0.00
20171219190548	0.00	0.00	0.00	0.00
20171219190549	0.00	0.00	0.00	0.00
20171219190550	0.00	0.00	0.00	0.00
20171219190551	0.00	0.00	0.00	0.00
20171219190552	0.00	0.00	0.00	0.00
20171219190553	0.00	0.00	0.00	0.00
20171219190554	0.00	0.00	0.00	0.00
20171219190555	0.00	0.00	0.00	0.00
20171219190556	0.00	0.00	0.00	0.00
20171219190557	0.00	0.00	0.00	0.00
20171219190558	0.00	0.00	0.00	0.00
20171219190559	0.00	0.00	0.00	0.00
20171219190600	0.00	0.00	0.00	0.00
20171219190601	0.00	0.00	0.00	0.00
20171219190602	0.00	0.00	0.00	0.00
20171219190603	0.00	0.00	0.00	0.00
20171219190604	0.00	0.00	0.00	0.00
20171219190605	0.00	0.00	0.00	0.00
20171219190606	0.00	0.00	0.00	0.00
20171219190607	0.00	0.00	0.00	0.00
20171219190608	0.00	0.00	0.00	0.00
20171219190609	0.00	0.00	0.00	0.00
20171219190610	0.00	0.00	0.00	0.00
20171219190611	0.00	0.00	0.00	0.00
20171219190612	0.00	0.00	0.00	0.00
20171219190618	0.00	0.00	0.00	0.00
20171219190619	0.00	0.00	0.00	0.00
20171219190620	0.00	0.00	0.00	0.00
20171219190621	0.00	0.00	0.00	0.00
20171219190622	0.00	0.00	0.00	0.00
20171219190629	0.00	0.00	0.00	0.00
20171219190630	0.00	0.00	0.00	0.00
20171219190631	0.00	0.00	0.00	0.00
20171219190632	0.00	0.00	0.00	0.00
20171219190633	0.00	0.00	0.00	0.00
20171219190634	0.00	0.00	0.00	0.00
20171219190640	0.00	0.00	0.00	0.00
20171219190641	0.00	0.00	0.00	0.00
20171219190642	0.00	0.00	0.00	0.00
20171219190643	0.00	0.00	0.00	0.00
20171219190644	0.00	0.00	0.00	0.00
20171219190645	0.00	0.00	0.00	0.00
20171219190646	0.00	0.00	0.00	0.00
20171219190647	0.00	0.00	0.00	0.00
20171219190648	0.00	0.00	0.00	0.00
20171219190649	0.00	0.00	0.00	0.00
20171219190650	0.00	0.00	0.00	0.00
20171219190651	0.00	0.00	0.00	0.00
20171219190652	0.00	0.00	0.00	0.00
20171219190653	0.00	0.00	0.00	0.00
20171219190654	0.00	0.00	0.00	0.00
20171219190655	0.00	0.00	0.00	0.00
20171219190656	0.00	0.00	0.00	0.00
20171219190657	0.00	0.00	0.00	0.00
20171219190658	0.00	0.00	0.00	0.00
20171219190659	0.00	0.00	0.00	0.00
20171219190700	0.00	0.00	0.00	0.00
20171219190701	0.00	0.00	0.00	0.00
20171219190702	0.00	0.00	0.00	0.00
20171219190703	0.00	0.00	0.00	0.00
20171219190704	0.00	0.00	0.00	0.00
20171219190705	0.00	0.00	0.00	0.00
20171219190706	0.00	0.00	0.00	0.00
20171219190707	0.00	0.00	0.00	0.00
20171219190708	0.00	0.00	0.00	0.00
20171219190709	0.00	0.00	0.00	0.00
20171219190710	0.00	0.00	0.00	0.00
20171219190711	0.00	0.00	0.00	0.00
20171219190712	0.00	0.00	0.00	0.00
20171219190713	0.00	0.00	0.00	0.00
20171219190714	0.00	0.00	0.00	0.00
20171219190715	0.00	0.00	0.00	0.00
20171219190716	0.00	0.00	0.00	0.00
20171219190717	0.00	0.00	0.00	0.00
20171219190718	0.00	0.00	0.00	0.00
20171219190719	0.00	0.00	0.00	0.00
20171219190720	0.00	0.00	0.00	0.00
20171219190721	0.00	0.00	0.00	0.00
20171219190722	0.00	0.00	0.00	0.00
20171219190723	0.00	0.00	0.00	0.00
20171219190724	0.00	0.00	0.00	0.00
20171219190725	0.00	0.00	0.00	0.00
20171219190726	0.00	0.00	0.00	0.00
20171219190727	0.00	0.00	0.00	0.00
20171219190816	0.00	0.00	0.00	0.00
20171219190817	0.00	0.00	0.00	0.00
