20171114170439	0.00	0.00	0.00	0.00
20171114170440	0.00	0.00	0.00	0.00
20171114170441	0.00	0.00	0.00	0.00
20171114170442	0.00	0.00	0.00	0.00
20171114170443	0.00	0.00	0.00	0.00
20171114170445	0.00	0.00	0.00	0.00
20171114170446	0.00	0.00	0.00	0.00
20171114170447	0.00	0.00	0.00	0.00
20171114170448	0.00	0.00	0.00	0.00
20171114170449	0.00	0.00	0.00	0.00
20171114170450	0.00	0.00	0.00	0.00
20171114170451	0.60	0.00	-10.94	0.00
20171114170452	0.60	756.90	-10.94	762.60
20171114170453	0.50	756.90	-10.93	762.60
20171114170454	0.50	757.00	-10.93	762.50
20171114170458	0.50	757.00	-10.93	762.50
20171114170459	0.50	757.00	-10.93	762.50
20171114170500	0.60	757.00	-10.93	762.50
20171114170501	0.60	757.00	-10.93	762.60
20171114170502	0.60	757.00	-10.93	762.60
20171114170503	0.60	756.90	-10.93	762.60
20171114170504	0.50	756.90	-10.94	762.60
20171114170505	0.50	757.00	-10.94	762.50
20171114170506	0.50	757.00	-10.93	762.50
20171114170507	0.50	757.10	-10.93	762.50
20171114170508	0.50	757.10	-10.93	762.50
20171114170509	0.50	757.10	-10.93	762.50
20171114170510	0.50	757.10	-10.93	762.50
20171114170511	0.50	757.00	-10.93	762.60
20171114170512	0.50	757.00	-10.93	762.60
20171114170513	0.60	757.10	-10.93	762.60
20171114170514	0.60	757.10	-10.93	762.60
20171114170515	0.60	757.10	-10.93	762.60
20171114170517	0.50	757.10	-10.93	762.60
20171114170518	0.50	757.10	-10.93	762.50
20171114170519	0.60	757.00	-10.93	762.50
20171114170520	0.60	757.00	-10.93	762.60
20171114170521	0.50	757.00	-10.93	762.60
20171114170526	0.50	757.00	-10.93	762.50
20171114170527	0.60	757.00	-10.93	762.60
20171114170528	0.60	757.00	-10.93	762.60
20171114170529	0.50	757.10	-10.93	762.50
20171114170530	0.50	757.10	-10.93	762.50
20171114170531	0.60	757.10	-10.93	762.50
20171114170532	0.60	757.00	-10.93	762.60
20171114170533	0.60	757.00	-10.94	762.60
20171114170534	0.60	757.00	-10.94	762.60
20171114170535	0.60	757.00	-10.94	762.60
20171114170540	0.60	757.00	-10.94	762.60
20171114170541	0.50	757.00	-10.94	762.60
20171114170542	0.50	757.00	-10.94	762.60
20171114170543	0.50	757.00	-10.94	762.60
20171114170544	0.50	757.00	-10.94	762.60
20171114170545	0.50	757.00	-10.94	762.60
20171114170546	0.50	757.00	-10.94	762.60
20171114170547	0.50	757.00	-10.94	762.50
20171114170548	0.50	757.00	-10.94	762.50
20171114170549	0.50	757.00	-10.94	762.60
20171114170550	0.50	757.00	-10.94	762.60
20171114170551	0.50	757.00	-10.94	762.60
20171114170552	0.50	757.00	-10.94	762.60
20171114170553	0.50	757.00	-10.94	762.60
20171114170554	0.50	757.00	-10.94	762.60
20171114170555	0.50	756.90	-10.94	762.60
20171114170556	0.50	756.90	-10.94	762.50
20171114170557	0.50	757.10	-10.93	762.50
20171114170558	0.50	757.10	-10.93	762.60
20171114170559	0.50	757.10	-10.94	762.60
20171114170600	0.50	757.00	-10.94	762.60
20171114170601	0.50	757.00	-10.94	762.60
20171114170602	0.50	757.00	-10.94	762.60
20171114170606	0.50	757.00	-10.94	762.60
20171114170607	0.60	757.00	-10.94	762.60
20171114170608	0.60	757.00	-10.94	762.50
20171114170609	0.50	757.00	-10.94	762.50
20171114170610	0.50	757.00	-10.94	762.50
20171114170611	0.50	757.00	-10.94	762.50
20171114170612	0.50	757.00	-10.94	762.50
20171114170613	0.50	757.00	-10.94	762.50
20171114170614	0.50	757.00	-10.94	762.60
20171114170615	0.50	757.00	-10.94	762.60
20171114170616	0.50	757.00	-10.94	762.50
20171114170617	0.50	757.00	-10.94	762.50
20171114170618	0.50	757.00	-10.94	762.50
20171114170619	0.50	757.00	-10.94	762.50
20171114170620	0.50	757.00	-10.94	762.50
20171114170621	0.60	757.00	-10.94	762.50
20171114170622	0.60	757.10	-10.94	762.50
20171114170623	0.60	757.10	-10.94	762.50
20171114170624	0.50	757.10	-10.94	762.60
20171114170625	0.50	757.10	-10.94	762.60
20171114170626	0.60	757.10	-10.94	762.60
20171114170632	0.60	757.10	-10.94	762.60
20171114170633	0.50	757.00	-10.94	762.60
20171114170634	0.50	757.00	-10.95	762.60
20171114170635	0.50	757.10	-10.95	762.60
20171114170640	0.50	757.10	-10.94	762.60
20171114170641	0.50	757.00	-10.94	762.60
20171114170642	0.50	757.00	-10.94	762.60
20171114170643	0.50	757.00	-10.94	762.60
20171114170644	0.50	757.00	-10.94	762.60
20171114170645	0.50	757.00	-10.94	762.60
20171114170646	0.50	757.00	-10.94	762.60
20171114170647	0.50	757.00	-10.94	762.50
20171114170648	0.50	757.00	-10.93	762.50
20171114170649	0.50	757.00	-10.93	762.60
20171114170650	0.50	757.00	-10.92	762.60
20171114170651	0.50	757.10	-10.92	762.60
20171114170652	0.50	757.10	-10.92	762.60
20171114170653	0.50	757.00	-10.92	762.60
20171114170654	0.50	757.00	-10.93	762.60
20171114170655	0.50	757.10	-10.93	762.50
20171114170656	0.50	757.10	-10.92	762.50
20171114170657	0.50	756.90	-10.92	762.50
20171114170658	0.50	756.90	-10.92	762.60
20171114170659	0.50	757.00	-10.93	762.60
20171114170700	0.50	757.00	-10.93	762.60
20171114170701	0.50	757.00	-10.92	762.60
20171114170702	0.50	757.00	-10.92	762.50
20171114170703	0.50	757.00	-10.92	762.50
20171114170704	0.50	757.00	-10.92	762.50
20171114170705	0.50	757.00	-10.92	762.50
20171114170706	0.50	757.00	-10.92	762.50
20171114170707	0.50	757.00	-10.92	762.50
20171114170708	0.50	757.00	-10.92	762.50
20171114170709	0.50	757.00	-10.92	762.50
20171114170710	0.50	757.00	-10.92	762.60
20171114170711	0.50	757.00	-10.92	762.60
20171114170712	0.50	757.00	-10.92	762.50
20171114170713	0.50	757.00	-10.92	762.50
20171114170714	0.50	757.00	-10.92	762.50
20171114170717	0.50	757.00	-10.92	762.50
20171114170718	0.50	757.00	-10.92	762.50
20171114170719	0.50	757.00	-10.92	762.60
20171114170720	0.50	757.00	-10.92	762.60
20171114170721	0.50	757.00	-10.92	762.50
20171114170722	0.50	757.00	-10.92	762.50
20171114170723	0.50	756.90	-10.92	762.60
20171114170724	0.50	756.90	-10.93	762.60
20171114170725	0.50	757.00	-10.93	762.60
20171114170726	0.50	757.00	-10.93	762.60
20171114170727	0.50	757.00	-10.93	762.60
20171114170728	0.50	757.00	-10.93	762.60
20171114170729	0.50	757.00	-10.93	762.60
20171114170730	0.50	757.00	-10.93	762.50
20171114170731	0.50	757.00	-10.93	762.50
20171114170735	0.50	756.90	-10.93	762.50
20171114170736	0.50	756.90	-10.94	762.50
20171114170737	0.50	757.00	-10.94	762.50
20171114170738	0.50	757.00	-10.94	762.50
20171114170740	0.50	757.00	-10.94	762.50
20171114170741	0.50	757.00	-10.93	762.50
20171114170742	0.50	757.00	-10.93	762.50
20171114170743	0.50	757.00	-10.93	762.50
20171114170744	0.50	757.00	-10.94	762.50
20171114170756	0.50	757.00	-10.93	762.50
20171114170757	0.50	757.00	-10.93	762.50
20171114170758	0.50	757.00	-10.93	762.50
20171114170759	0.50	757.00	-10.93	762.50
20171114170800	0.50	757.00	-10.93	762.50
20171114170801	0.50	757.00	-10.93	762.50
20171114170802	0.50	757.00	-10.93	762.60
20171114170803	0.50	757.00	-10.94	762.60
20171114170804	0.60	757.10	-10.94	762.60
20171114170805	0.60	757.10	-10.94	762.50
20171114170806	0.60	757.10	-10.93	762.50
20171114170807	0.50	757.00	-10.93	762.50
20171114170808	0.50	757.00	-10.93	762.50
20171114170809	0.50	757.00	-10.92	762.50
20171114170813	0.50	757.00	-10.92	762.60
20171114170814	0.50	757.00	-10.92	762.60
20171114170815	0.50	757.00	-10.92	762.60
20171114170816	0.50	757.00	-10.93	762.60
20171114170817	0.50	757.00	-10.93	762.60
20171114170818	0.50	757.00	-10.93	762.60
20171114170819	0.50	757.00	-10.92	762.60
20171114170820	0.50	757.00	-10.92	762.60
20171114170821	0.50	757.00	-10.92	762.60
20171114170822	0.50	757.00	-10.92	762.60
20171114170823	0.50	757.00	-10.92	762.60
20171114170824	0.50	757.00	-10.92	762.50
20171114170825	0.50	757.00	-10.93	762.50
20171114170826	0.50	757.00	-10.93	762.60
20171114170827	0.50	757.00	-10.93	762.60
20171114170828	0.50	757.00	-10.93	762.60
20171114170829	0.50	757.00	-10.92	762.60
20171114170830	0.50	757.00	-10.92	762.60
20171114170831	0.50	757.00	-10.92	762.60
20171114170832	0.50	757.00	-10.92	762.60
20171114170833	0.50	757.00	-10.92	762.60
20171114170834	0.50	757.00	-10.92	762.60
20171114170835	0.50	757.00	-10.93	762.60
20171114170836	0.50	757.00	-10.93	762.60
20171114170837	0.50	757.00	-10.92	762.60
20171114170838	0.50	757.00	-10.92	762.60
20171114170839	0.50	757.00	-10.93	762.60
20171114170840	0.50	757.00	-10.93	762.60
20171114170841	0.50	757.00	-10.92	762.60
20171114170842	0.50	757.10	-10.92	762.60
20171114170843	0.50	757.10	-10.91	762.60
20171114170844	0.50	757.00	-10.91	762.60
20171114170845	0.50	757.00	-10.91	762.50
20171114170846	0.50	757.10	-10.92	762.50
20171114170847	0.50	757.10	-10.92	762.50
20171114170848	0.50	757.10	-10.92	762.50
20171114170849	0.50	756.90	-10.92	762.60
20171114170850	0.50	756.90	-10.92	762.60
20171114170851	0.50	757.00	-10.92	762.60
20171114170852	0.50	757.00	-10.92	762.60
20171114170853	0.50	757.00	-10.93	762.60
20171114170854	0.50	757.00	-10.93	762.50
20171114170855	0.50	757.00	-10.92	762.50
20171114170856	0.50	757.00	-10.92	762.50
20171114170857	0.50	757.00	-10.92	762.50
20171114170858	0.50	757.00	-10.91	762.50
20171114170859	0.50	757.00	-10.91	762.50
20171114170900	0.50	757.00	-10.91	762.60
20171114170901	0.50	757.00	-10.92	762.60
20171114170902	0.50	757.00	-10.92	762.60
20171114170903	0.50	757.00	-10.91	762.60
20171114170904	0.50	757.00	-10.91	762.60
20171114170905	0.50	757.00	-10.92	762.60
20171114170906	0.50	756.90	-10.92	762.60
20171114170907	0.50	756.90	-10.92	762.50
20171114170908	0.50	757.00	-10.92	762.50
20171114170909	0.50	757.00	-10.92	762.50
20171114170910	0.50	757.00	-10.92	762.50
20171114170911	0.50	757.10	-10.92	762.50
20171114170912	0.50	757.10	-10.92	762.50
20171114170913	0.50	756.90	-10.92	762.50
20171114170914	0.50	756.90	-10.92	762.50
20171114170915	0.50	757.00	-10.92	762.50
20171114170916	0.50	757.00	-10.92	762.50
20171114170917	0.50	757.00	-10.92	762.50
20171114170918	0.50	757.00	-10.92	762.50
20171114170919	0.50	757.00	-10.92	762.50
20171114170920	0.50	757.00	-10.92	762.50
20171114170921	0.50	757.00	-10.92	762.50
20171114170922	0.50	757.00	-10.92	762.50
20171114170931	0.50	756.80	-10.92	762.50
20171114170932	0.50	756.80	-10.92	762.50
20171114170933	0.50	757.00	-10.92	762.60
20171114170934	0.50	757.00	-10.92	762.60
20171114170935	0.50	757.00	-10.92	762.50
20171114170936	0.50	757.00	-10.92	762.50
20171114170937	0.50	757.00	-10.92	762.50
20171114170938	0.50	757.00	-10.92	762.50
20171114170939	0.50	757.00	-10.92	762.50
20171114170940	0.50	757.00	-10.92	762.50
20171114170941	0.50	757.00	-10.92	762.50
20171114170942	0.50	757.00	-10.92	762.50
20171114170943	0.50	757.00	-10.92	762.50
20171114170944	0.50	757.00	-10.93	762.50
20171114170945	0.50	757.00	-10.93	762.50
20171114170946	0.50	757.00	-10.92	762.50
20171114170947	0.50	756.90	-10.92	762.50
20171114170948	0.50	756.90	-10.92	762.50
20171114170949	0.50	756.90	-10.92	762.50
20171114170950	0.50	757.00	-10.92	762.50
20171114170951	0.50	757.00	-10.92	762.50
20171114170952	0.50	756.90	-10.92	762.50
20171114170953	0.50	756.90	-10.92	762.50
20171114170954	0.50	756.90	-10.91	762.50
20171114170955	0.50	756.90	-10.91	762.50
20171114170956	0.50	756.90	-10.91	762.50
20171114170957	0.50	756.90	-10.92	762.50
20171114170958	0.50	757.00	-10.92	762.40
20171114170959	0.50	757.00	-10.92	762.40
20171114171000	0.50	757.00	-10.92	762.50
20171114171001	0.50	757.00	-10.92	762.50
20171114171002	0.50	757.00	-10.92	762.50
20171114171013	0.50	756.90	-10.92	762.60
20171114171014	0.50	756.90	-10.93	762.60
20171114171015	0.50	757.00	-10.93	762.50
20171114171016	0.50	757.00	-10.92	762.50
20171114171017	0.50	757.00	-10.92	762.60
20171114171018	0.50	757.00	-10.92	762.60
20171114171019	0.50	757.00	-10.92	762.50
20171114171020	0.50	757.00	-10.92	762.50
20171114171021	0.50	757.10	-10.92	762.50
20171114171022	0.50	757.10	-10.92	762.50
20171114171023	0.50	757.10	-10.92	762.50
20171114171024	0.50	757.00	-10.92	762.50
20171114171025	0.50	757.00	-10.92	762.50
20171114171026	0.50	757.00	-10.92	762.50
20171114171034	0.50	756.90	-10.92	762.50
20171114171035	0.50	757.00	-10.92	762.50
20171114171036	0.50	757.00	-10.92	762.50
20171114171037	0.50	757.00	-10.93	762.50
20171114171038	0.50	757.00	-10.93	762.60
20171114171039	0.50	757.00	-10.92	762.60
20171114171046	0.50	757.00	-10.92	762.50
20171114171047	0.50	757.00	-10.92	762.50
20171114171048	0.50	757.00	-10.92	762.50
20171114171049	0.50	757.00	-10.92	762.50
20171114171050	0.50	757.00	-10.92	762.50
20171114171051	0.50	757.00	-10.92	762.50
20171114171052	0.50	756.90	-10.92	762.40
20171114171053	0.50	756.90	-10.93	762.40
20171114171054	0.50	757.00	-10.93	762.50
20171114171055	0.50	757.00	-10.93	762.50
20171114171056	0.50	757.00	-10.92	762.50
20171114171057	0.50	757.00	-10.92	762.50
20171114171058	0.50	757.00	-10.92	762.50
20171114171059	0.50	757.00	-10.92	762.50
20171114171100	0.50	756.90	-10.92	762.50
20171114171101	0.50	756.90	-10.92	762.50
20171114171102	0.50	757.00	-10.92	762.50
20171114171103	0.50	757.00	-10.92	762.50
20171114171104	0.50	757.00	-10.92	762.50
20171114171105	0.50	757.00	-10.92	762.50
20171114171106	0.50	757.00	-10.92	762.50
20171114171107	0.50	756.90	-10.92	762.50
20171114171108	0.50	756.90	-10.92	762.50
20171114171109	0.50	757.00	-10.92	762.60
20171114171110	0.50	757.00	-10.92	762.60
20171114171111	0.50	756.90	-10.92	762.60
20171114171112	0.50	756.90	-10.92	762.60
20171114171114	0.50	756.90	-10.92	762.60
20171114171115	0.50	756.90	-10.93	762.60
20171114171116	0.50	757.00	-10.93	762.60
20171114171117	0.50	757.00	-10.93	762.50
20171114171118	0.50	757.00	-10.93	762.50
20171114171121	0.50	756.90	-10.93	762.50
20171114171122	0.50	756.90	-10.93	762.50
20171114171123	0.50	756.90	-10.93	762.60
20171114171124	0.50	756.90	-10.93	762.60
20171114171125	0.50	756.90	-10.93	762.60
20171114171126	0.50	756.90	-10.93	762.60
20171114171127	0.50	756.90	-10.92	762.60
20171114171128	0.50	756.90	-10.92	762.50
20171114171129	0.50	756.90	-10.93	762.50
20171114171130	0.50	756.90	-10.93	762.50
20171114171131	0.50	756.90	-10.93	762.50
20171114171132	0.50	756.90	-10.93	762.50
20171114171133	0.50	756.90	-10.93	762.50
20171114171134	0.50	756.90	-10.93	762.50
20171114171135	0.50	756.90	-10.93	762.50
20171114171136	0.50	756.90	-10.92	762.50
20171114171137	0.50	756.90	-10.92	762.50
20171114171138	0.50	756.90	-10.93	762.50
20171114171141	0.50	756.90	-10.93	762.50
20171114171142	0.50	756.90	-10.93	762.50
20171114171143	0.50	756.90	-10.93	762.50
20171114171144	0.50	756.90	-10.92	762.50
20171114171145	0.50	756.90	-10.92	762.40
20171114171146	0.50	756.90	-10.93	762.40
20171114171147	0.50	757.00	-10.93	762.50
20171114171148	0.50	757.00	-10.93	762.50
20171114171149	0.50	757.00	-10.93	762.50
20171114171150	0.50	757.00	-10.93	762.50
20171114171151	0.50	757.00	-10.92	762.50
20171114171152	0.50	756.90	-10.92	762.50
20171114171153	0.50	756.90	-10.92	762.50
20171114171154	0.50	756.90	-10.92	762.50
20171114171155	0.50	756.90	-10.92	762.60
20171114171156	0.50	756.90	-10.92	762.60
20171114171157	0.50	757.00	-10.92	762.50
20171114171158	0.50	757.00	-10.93	762.50
20171114171159	0.40	757.00	-10.93	762.50
20171114171200	0.40	757.00	-10.92	762.50
20171114171201	0.50	756.90	-10.92	762.50
20171114171202	0.50	756.90	-10.92	762.50
20171114171203	0.50	756.90	-10.93	762.50
20171114171204	0.50	756.90	-10.93	762.60
20171114171205	0.50	756.90	-10.93	762.60
20171114171206	0.50	756.90	-10.93	762.50
20171114171207	0.50	756.90	-10.92	762.50
20171114171208	0.50	756.90	-10.92	762.60
20171114171209	0.50	756.90	-10.93	762.60
20171114171210	0.50	757.00	-10.93	762.50
20171114171211	0.50	757.00	-10.92	762.50
20171114171212	0.50	757.00	-10.92	762.50
20171114171213	0.50	756.90	-10.92	762.60
20171114171214	0.50	756.90	-10.92	762.60
20171114171215	0.50	756.90	-10.92	762.60
20171114171216	0.50	756.90	-10.92	762.50
20171114171217	0.50	756.90	-10.93	762.50
20171114171218	0.40	757.00	-10.93	762.60
20171114171219	0.40	757.00	-10.92	762.60
20171114171220	0.50	757.00	-10.92	762.60
20171114171221	0.50	757.00	-10.92	762.50
20171114171222	0.50	757.00	-10.92	762.50
20171114171223	0.50	756.90	-10.92	762.60
20171114171224	0.50	756.90	-10.92	762.60
20171114171225	0.50	757.00	-10.92	762.50
20171114171226	0.50	757.00	-10.92	762.50
20171114171227	0.50	756.90	-10.92	762.50
20171114171228	0.50	756.90	-10.92	762.50
20171114171229	0.50	757.00	-10.92	762.50
20171114171230	0.50	757.00	-10.92	762.50
20171114171231	0.50	756.90	-10.92	762.50
20171114171232	0.50	756.90	-10.92	762.50
20171114171233	0.50	756.90	-10.93	762.50
20171114171234	0.50	756.90	-10.93	762.50
20171114171235	0.50	756.90	-10.92	762.50
20171114171236	0.50	756.90	-10.92	762.50
20171114171237	0.50	757.00	-10.92	762.60
20171114171238	0.50	757.00	-10.92	762.60
20171114171239	0.50	757.00	-10.92	762.60
20171114171240	0.50	757.00	-10.92	762.50
20171114171241	0.50	756.90	-10.92	762.50
20171114171242	0.50	756.90	-10.92	762.60
20171114171243	0.50	756.90	-10.92	762.60
20171114171244	0.50	757.00	-10.92	762.50
20171114171245	0.50	757.00	-10.92	762.50
20171114171246	0.50	757.00	-10.92	762.60
20171114171247	0.50	757.00	-10.92	762.60
20171114171248	0.50	757.00	-10.92	762.60
20171114171249	0.50	756.90	-10.92	762.60
20171114171250	0.50	756.90	-10.92	762.60
20171114171251	0.50	756.90	-10.92	762.60
20171114171252	0.50	757.00	-10.92	762.50
20171114171253	0.50	757.00	-10.92	762.50
20171114171254	0.50	757.00	-10.92	762.50
20171114171255	0.50	757.00	-10.92	762.50
20171114171256	0.50	756.90	-10.92	762.50
20171114171257	0.50	756.90	-10.92	762.50
20171114171258	0.40	756.90	-10.92	762.50
20171114171259	0.40	757.00	-10.92	762.50
20171114171300	0.40	757.00	-10.93	762.50
20171114171301	0.50	757.00	-10.93	762.50
20171114171302	0.50	757.00	-10.93	762.60
20171114171303	0.50	757.00	-10.92	762.60
20171114171304	0.50	756.90	-10.92	762.60
20171114171305	0.50	756.90	-10.92	762.50
20171114171306	0.50	757.00	-10.92	762.50
20171114171307	0.50	757.00	-10.92	762.60
20171114171308	0.50	757.00	-10.92	762.60
20171114171309	0.50	757.00	-10.92	762.60
20171114171310	0.50	757.00	-10.92	762.50
20171114171311	0.50	756.90	-10.91	762.50
20171114171312	0.50	756.90	-10.91	762.50
20171114171313	0.50	756.90	-10.91	762.50
20171114171314	0.50	756.90	-10.91	762.60
20171114171315	0.50	756.90	-10.92	762.60
20171114171316	0.50	757.00	-10.92	762.60
20171114171317	0.50	757.00	-10.92	762.60
20171114171318	0.50	757.00	-10.92	762.60
20171114171319	0.50	756.90	-10.92	762.60
20171114171320	0.50	756.90	-10.92	762.60
20171114171321	0.50	756.90	-10.92	762.60
20171114171322	0.50	757.00	-10.92	762.60
20171114171323	0.50	757.00	-10.92	762.60
20171114171324	0.50	756.90	-10.92	762.60
20171114171325	0.50	756.90	-10.92	762.50
20171114171326	0.50	756.90	-10.92	762.50
20171114171327	0.50	756.90	-10.92	762.50
20171114171328	0.50	756.90	-10.92	762.50
20171114171329	0.50	756.90	-10.92	762.50
20171114171330	0.50	756.90	-10.92	762.60
20171114171331	0.50	756.90	-10.92	762.60
20171114171332	0.50	757.00	-10.92	762.60
20171114171333	0.50	757.00	-10.92	762.60
20171114171334	0.50	756.90	-10.91	762.60
20171114171335	0.50	756.90	-10.91	762.50
20171114171336	0.50	756.90	-10.92	762.50
20171114171337	0.50	756.90	-10.92	762.60
20171114171338	0.50	756.90	-10.92	762.60
20171114171339	0.50	757.00	-10.92	762.60
20171114171340	0.50	757.00	-10.92	762.60
20171114171341	0.50	757.00	-10.92	762.60
20171114171346	0.50	756.90	-10.92	762.50
20171114171347	0.50	756.90	-10.92	762.50
20171114171348	0.50	756.90	-10.92	762.50
20171114171350	0.50	757.00	-10.92	762.60
20171114171351	0.50	756.90	-10.92	762.60
20171114171352	0.50	756.90	-10.92	762.50
20171114171353	0.50	756.90	-10.92	762.50
20171114171354	0.50	756.90	-10.92	762.50
20171114171355	0.50	756.90	-10.92	762.60
20171114171356	0.50	756.90	-10.92	762.60
20171114171357	0.50	757.00	-10.92	762.50
20171114171358	0.50	757.00	-10.92	762.50
20171114171359	0.50	756.90	-10.92	762.50
20171114171400	0.50	756.90	-10.92	762.50
20171114171401	0.50	757.00	-10.92	762.50
20171114171402	0.50	757.00	-10.92	762.60
20171114171403	0.50	757.00	-10.92	762.60
20171114171404	0.50	756.90	-10.92	762.50
20171114171405	0.50	756.90	-10.93	762.50
20171114171406	0.50	757.00	-10.93	762.50
20171114171407	0.50	757.00	-10.92	762.50
20171114171408	0.50	756.90	-10.92	762.50
20171114171409	0.50	756.90	-10.92	762.50
20171114171410	0.50	757.00	-10.92	762.50
20171114171411	0.50	757.00	-10.92	762.50
20171114171412	0.50	757.00	-10.92	762.50
20171114171413	0.50	757.00	-10.92	762.50
20171114171418	0.50	756.90	-10.92	762.50
20171114171419	0.50	756.90	-10.92	762.50
20171114171420	0.50	756.90	-10.92	762.50
20171114171421	0.50	756.90	-10.92	762.60
20171114171422	0.50	756.90	-10.92	762.60
20171114171423	0.50	756.90	-10.92	762.60
20171114171424	0.50	757.00	-10.92	762.60
20171114171425	0.50	757.00	-10.92	762.60
20171114171426	0.50	757.00	-10.92	762.60
20171114171427	0.50	756.90	-10.92	762.60
20171114171428	0.50	756.90	-10.92	762.60
20171114171429	0.50	756.90	-10.92	762.50
20171114171430	0.50	756.90	-10.92	762.50
20171114171431	0.50	756.90	-10.93	762.50
20171114171432	0.50	756.90	-10.93	762.50
20171114171433	0.40	756.90	-10.92	762.50
20171114171434	0.40	756.90	-10.92	762.50
20171114171435	0.50	756.90	-10.92	762.50
20171114171437	0.50	756.90	-10.92	762.60
20171114171438	0.50	756.90	-10.93	762.60
20171114171439	0.50	756.90	-10.93	762.60
20171114171440	0.50	756.90	-10.93	762.60
20171114171445	0.50	756.90	-10.92	762.50
20171114171446	0.50	756.90	-10.92	762.50
20171114171447	0.50	756.90	-10.92	762.50
20171114171448	0.50	756.90	-10.92	762.50
20171114171449	0.50	756.90	-10.92	762.50
20171114171456	0.50	756.90	-10.92	762.60
20171114171457	0.50	756.90	-10.92	762.60
20171114171458	0.50	756.90	-10.92	762.50
20171114171459	0.40	756.90	-10.92	762.50
20171114171500	0.40	756.80	-10.92	762.60
20171114171501	0.50	756.80	-10.92	762.60
20171114171502	0.50	756.80	-10.92	762.60
20171114171503	0.50	756.80	-10.92	762.60
20171114171504	0.50	756.80	-10.92	762.60
20171114171505	0.50	756.80	-10.92	762.60
20171114171506	0.50	756.90	-10.92	762.60
20171114171507	0.50	756.90	-10.92	762.70
20171114171508	0.40	756.90	-10.92	762.70
20171114171513	0.50	756.80	-10.92	762.60
20171114171515	0.50	756.80	-10.91	762.60
20171114171516	0.40	756.80	-10.91	762.60
20171114171517	0.40	756.90	-10.91	762.60
20171114171518	0.50	756.90	-10.92	762.60
20171114171519	0.50	757.00	-10.92	762.60
20171114171520	0.50	757.00	-10.92	762.60
20171114171521	0.50	757.00	-10.92	762.60
20171114171522	0.50	757.00	-10.92	762.60
20171114171523	0.50	756.90	-10.93	762.60
20171114171524	0.50	756.90	-10.93	762.50
20171114171525	0.50	756.90	-10.92	762.50
20171114171526	0.50	756.90	-10.92	762.60
20171114171527	0.50	756.90	-10.92	762.60
20171114171536	0.40	756.90	-10.92	762.60
20171114171537	0.50	756.90	-10.93	762.60
20171114171538	0.50	756.90	-10.93	762.60
20171114171539	0.50	756.90	-10.93	762.60
20171114171540	0.50	756.90	-10.93	762.50
20171114171558	0.50	756.90	-10.93	762.60
20171114171559	0.40	756.90	-10.92	762.60
20171114171600	0.40	756.90	-10.92	762.60
20171114171601	0.40	756.90	-10.93	762.60
20171114171602	0.40	756.90	-10.93	762.60
20171114171603	0.40	756.90	-10.93	762.60
20171114171604	0.40	756.90	-10.93	762.60
20171114171605	0.50	756.90	-10.93	762.60
20171114171606	0.50	756.90	-10.93	762.60
20171114171607	0.50	756.80	-10.92	762.60
20171114171608	0.50	756.80	-10.92	762.60
20171114171609	0.50	756.90	-10.92	762.60
20171114171610	0.50	756.90	-10.92	762.60
20171114171611	0.50	756.90	-10.93	762.60
20171114171612	0.50	757.00	-10.93	762.50
20171114171613	0.50	757.00	-10.93	762.50
20171114171614	0.50	757.00	-10.92	762.50
20171114171615	0.50	756.90	-10.92	762.50
20171114171616	0.50	756.90	-10.91	762.50
20171114171617	0.50	757.00	-10.91	762.50
20171114171618	0.50	757.00	-10.91	762.50
20171114171619	0.50	756.90	-10.92	762.50
20171114171620	0.50	756.90	-10.92	762.50
20171114171621	0.50	756.90	-10.91	762.50
20171114171622	0.50	756.90	-10.91	762.50
20171114171623	0.50	756.90	-10.91	762.50
20171114171624	0.50	757.00	-10.91	762.50
20171114171625	0.50	757.00	-10.91	762.50
20171114171626	0.50	757.00	-10.92	762.50
20171114171627	0.50	757.00	-10.92	762.50
20171114171628	0.50	756.90	-10.92	762.60
20171114171629	0.50	756.90	-10.92	762.60
20171114171630	0.50	756.80	-10.92	762.50
20171114171631	0.50	756.80	-10.92	762.50
20171114171632	0.50	756.90	-10.92	762.50
20171114171633	0.50	756.90	-10.92	762.60
20171114171634	0.50	756.80	-10.91	762.60
20171114171635	0.50	756.80	-10.91	762.50
20171114171636	0.50	756.80	-10.91	762.50
20171114171637	0.50	756.80	-10.92	762.50
20171114171638	0.50	756.80	-10.92	762.60
20171114171639	0.50	756.80	-10.91	762.60
20171114171640	0.50	756.80	-10.91	762.60
20171114171641	0.50	756.80	-10.91	762.60
20171114171648	0.50	756.90	-10.91	762.60
20171114171649	0.50	756.90	-10.92	762.60
20171114171650	0.50	756.90	-10.92	762.60
20171114171651	0.40	756.90	-10.92	762.60
20171114171656	0.50	756.90	-10.91	762.60
20171114171657	0.50	756.90	-10.92	762.60
20171114171658	0.50	756.90	-10.92	762.60
20171114171659	0.50	756.90	-10.92	762.60
20171114171700	0.50	756.90	-10.92	762.60
20171114171701	0.50	756.90	-10.92	762.60
20171114171702	0.50	756.90	-10.92	762.60
20171114171703	0.50	756.90	-10.92	762.60
20171114171704	0.50	756.90	-10.92	762.60
20171114171705	0.40	756.90	-10.92	762.60
20171114171706	0.40	756.90	-10.92	762.60
20171114171707	0.50	756.90	-10.92	762.60
20171114171708	0.50	756.90	-10.92	762.60
20171114171709	0.50	756.90	-10.92	762.60
20171114171710	0.50	757.00	-10.92	762.60
20171114171711	0.50	757.00	-10.92	762.60
20171114171712	0.50	756.90	-10.92	762.60
20171114171713	0.50	756.90	-10.92	762.50
20171114171714	0.50	756.90	-10.91	762.50
20171114171715	0.50	756.90	-10.91	762.60
20171114171716	0.50	756.90	-10.91	762.60
20171114171717	0.50	757.00	-10.91	762.50
20171114171718	0.50	757.00	-10.92	762.50
20171114171719	0.40	757.00	-10.92	762.50
20171114171720	0.40	757.00	-10.92	762.60
20171114171721	0.50	757.00	-10.91	762.60
20171114171722	0.50	757.00	-10.91	762.60
20171114171723	0.50	757.00	-10.92	762.60
20171114171724	0.50	756.90	-10.92	762.50
20171114171727	0.50	756.90	-10.92	762.60
20171114171728	0.50	756.90	-10.92	762.60
20171114171729	0.50	756.90	-10.92	762.60
20171114171730	0.50	756.90	-10.92	762.60
20171114171731	0.50	756.90	-10.92	762.60
20171114171732	0.40	756.90	-10.91	762.60
20171114171733	0.40	756.90	-10.91	762.60
20171114171734	0.40	756.90	-10.91	762.60
20171114171735	0.40	756.90	-10.91	762.60
20171114171736	0.40	756.90	-10.91	762.60
20171114171737	0.40	757.00	-10.92	762.60
20171114171738	0.40	757.00	-10.92	762.60
20171114171739	0.50	757.00	-10.92	762.60
20171114171740	0.50	757.00	-10.92	762.60
20171114171741	0.50	757.00	-10.92	762.60
20171114171742	0.50	757.00	-10.92	762.60
20171114171743	0.50	757.00	-10.92	762.60
20171114171744	0.50	757.00	-10.92	762.60
20171114171745	0.40	757.00	-10.92	762.60
20171114171746	0.40	757.00	-10.92	762.60
20171114171747	0.50	757.00	-10.92	762.60
20171114171748	0.50	756.90	-10.92	762.50
20171114171749	0.50	756.90	-10.91	762.50
20171114171750	0.50	756.90	-10.91	762.50
20171114171751	0.50	756.90	-10.91	762.60
20171114171752	0.50	756.90	-10.91	762.60
20171114171753	0.50	756.90	-10.91	762.60
20171114171754	0.50	756.90	-10.92	762.60
20171114171755	0.50	757.00	-10.92	762.60
20171114171756	0.50	757.00	-10.92	762.60
20171114171757	0.50	757.00	-10.92	762.60
20171114171804	0.50	756.90	-10.92	762.70
20171114171805	0.40	756.90	-10.92	762.70
20171114171806	0.40	756.90	-10.92	762.60
20171114171807	0.50	756.90	-10.91	762.60
20171114171808	0.50	756.90	-10.91	762.60
20171114171809	0.50	756.90	-10.92	762.60
20171114171810	0.50	756.90	-10.92	762.60
20171114171811	0.50	756.90	-10.92	762.60
20171114171812	0.50	756.90	-10.91	762.60
20171114171813	0.50	756.90	-10.91	762.60
20171114171814	0.50	756.90	-10.91	762.60
20171114171815	0.50	756.90	-10.91	762.60
20171114171816	0.50	756.90	-10.91	762.60
20171114171817	0.50	756.90	-10.91	762.60
20171114171818	0.50	757.00	-10.91	762.60
20171114171819	0.50	757.00	-10.91	762.60
20171114171820	0.50	757.00	-10.91	762.60
20171114171821	0.50	756.90	-10.91	762.60
20171114171822	0.50	756.90	-10.91	762.60
20171114171823	0.50	757.00	-10.91	762.60
20171114171824	0.50	757.00	-10.91	762.60
20171114171825	0.50	756.80	-10.91	762.60
20171114171826	0.50	756.80	-10.91	762.60
20171114171827	0.50	756.80	-10.92	762.60
20171114171828	0.50	756.90	-10.92	762.60
20171114171829	0.50	756.90	-10.92	762.60
20171114171830	0.50	756.90	-10.92	762.60
20171114171831	0.50	756.90	-10.92	762.60
20171114171832	0.50	756.90	-10.92	762.60
20171114171837	0.50	756.90	-10.91	762.60
20171114171838	0.40	757.00	-10.91	762.60
20171114171839	0.40	757.00	-10.91	762.60
20171114171840	0.40	757.00	-10.91	762.60
20171114171841	0.50	756.80	-10.91	762.60
20171114171842	0.50	756.80	-10.91	762.70
20171114171843	0.50	756.80	-10.91	762.70
20171114171844	0.50	756.80	-10.91	762.70
20171114171845	0.50	756.90	-10.91	762.60
20171114171846	0.50	756.90	-10.91	762.60
20171114171847	0.50	756.90	-10.91	762.60
20171114171848	0.50	756.90	-10.92	762.60
20171114171849	0.40	756.80	-10.92	762.60
20171114171850	0.40	756.80	-10.92	762.60
20171114171851	0.50	756.80	-10.92	762.60
20171114171852	0.50	756.90	-10.92	762.60
20171114171853	0.50	756.90	-10.92	762.60
20171114171854	0.40	756.90	-10.92	762.70
20171114171855	0.40	756.90	-10.91	762.70
20171114171856	0.50	756.90	-10.91	762.70
20171114171857	0.50	756.90	-10.91	762.60
20171114171858	0.50	756.90	-10.92	762.60
20171114171859	0.50	756.90	-10.92	762.70
20171114171900	0.50	756.90	-10.92	762.70
20171114171901	0.50	756.90	-10.92	762.70
20171114171902	0.50	756.90	-10.92	762.60
20171114171903	0.50	756.90	-10.92	762.60
20171114171904	0.50	756.90	-10.92	762.60
20171114171905	0.50	756.90	-10.92	762.70
20171114171906	0.50	756.90	-10.92	762.70
20171114171907	0.50	757.00	-10.92	762.70
20171114171908	0.50	757.00	-10.92	762.70
20171114171909	0.50	757.00	-10.92	762.70
20171114171910	0.50	757.00	-10.92	762.80
20171114171911	0.50	757.00	-10.92	762.80
20171114171912	0.50	756.90	-10.92	762.80
20171114171913	0.50	756.90	-10.92	762.70
20171114171914	0.40	756.90	-10.92	762.70
20171114171915	0.40	757.00	-10.92	762.70
20171114171916	0.50	757.00	-10.92	762.70
20171114171917	0.50	757.00	-10.92	762.70
20171114171918	0.50	757.00	-10.92	762.70
20171114171919	0.50	757.00	-10.92	762.70
20171114171920	0.50	756.90	-10.92	762.70
20171114171921	0.50	756.90	-10.92	762.70
20171114171922	0.50	756.90	-10.92	762.70
20171114171923	0.50	756.90	-10.92	762.70
20171114171924	0.50	757.00	-10.92	762.70
20171114171925	0.50	757.00	-10.92	762.60
20171114171926	0.50	757.00	-10.92	762.60
20171114171927	0.50	756.90	-10.92	762.60
20171114171928	0.50	756.90	-10.92	762.60
20171114171929	0.50	757.00	-10.92	762.60
20171114171930	0.50	757.00	-10.92	762.70
20171114171931	0.40	757.00	-10.92	762.70
20171114171932	0.40	757.00	-10.92	762.70
20171114171933	0.40	757.00	-10.92	762.70
20171114171934	0.40	757.00	-10.92	762.70
20171114171935	0.50	757.00	-10.92	762.70
20171114171936	0.50	757.00	-10.92	762.70
20171114171937	0.50	757.00	-10.92	762.70
20171114171938	0.50	757.00	-10.92	762.70
20171114171939	0.50	757.00	-10.92	762.70
20171114171940	0.40	757.00	-10.92	762.70
20171114171941	0.40	757.00	-10.92	762.70
20171114171942	0.50	757.00	-10.92	762.70
20171114171944	0.50	757.00	-10.92	762.60
20171114171945	0.40	757.00	-10.92	762.60
20171114171946	0.40	756.90	-10.92	762.70
20171114171947	0.40	756.90	-10.92	762.70
20171114171948	0.50	756.90	-10.92	762.70
20171114171949	0.50	756.90	-10.92	762.60
20171114171950	0.40	756.90	-10.92	762.60
20171114171959	0.50	756.90	-10.92	762.60
20171114172000	0.40	756.90	-10.92	762.60
20171114172001	0.40	756.90	-10.92	762.70
20171114172002	0.40	756.90	-10.91	762.70
20171114172003	0.50	757.00	-10.91	762.70
20171114172004	0.50	757.00	-10.91	762.60
20171114172005	0.50	757.00	-10.90	762.60
20171114172006	0.50	757.00	-10.90	762.60
20171114172007	0.50	756.90	-10.90	762.60
20171114172008	0.50	756.90	-10.91	762.60
20171114172009	0.50	756.90	-10.91	762.60
20171114172010	0.50	756.90	-10.91	762.60
20171114172011	0.40	756.90	-10.90	762.60
20171114172016	0.40	756.90	-10.91	762.60
20171114172017	0.50	756.90	-10.91	762.60
20171114172018	0.50	756.90	-10.91	762.70
20171114172019	0.50	756.90	-10.91	762.70
20171114172020	0.50	757.00	-10.91	762.60
20171114172021	0.50	757.00	-10.91	762.60
20171114172022	0.50	756.90	-10.91	762.60
20171114172023	0.50	756.90	-10.91	762.60
20171114172024	0.40	756.90	-10.91	762.60
20171114172027	0.40	756.90	-10.91	762.70
20171114172028	0.50	757.00	-10.91	762.70
20171114172029	0.50	757.00	-10.91	762.60
20171114172030	0.40	757.00	-10.90	762.60
20171114172034	0.50	756.90	-10.91	762.60
20171114172035	0.50	756.90	-10.91	762.70
20171114172036	0.50	756.90	-10.91	762.70
20171114172037	0.50	756.90	-10.91	762.70
20171114172038	0.50	757.00	-10.91	762.70
20171114172039	0.50	757.00	-10.90	762.70
20171114172040	0.50	757.00	-10.90	762.70
20171114172041	0.50	757.00	-10.90	762.60
20171114172042	0.50	757.00	-10.91	762.60
20171114172043	0.50	757.00	-10.91	762.60
20171114172044	0.50	757.00	-10.91	762.60
20171114172045	0.50	757.10	-10.91	762.70
20171114172046	0.50	757.10	-10.91	762.70
20171114172048	0.50	757.00	-10.90	762.60
20171114172049	0.50	757.10	-10.90	762.60
20171114172050	0.50	757.10	-10.90	762.60
20171114172051	0.50	757.10	-10.91	762.60
20171114172052	0.50	757.00	-10.91	762.60
20171114172053	0.50	757.00	-10.91	762.70
20171114172054	0.50	757.00	-10.91	762.70
20171114172055	0.50	757.00	-10.91	762.70
20171114172056	0.50	757.00	-10.91	762.70
20171114172057	0.50	757.10	-10.91	762.70
20171114172058	0.50	757.10	-10.91	762.70
20171114172059	0.50	757.00	-10.91	762.70
20171114172100	0.50	757.00	-10.91	762.60
20171114172101	0.50	757.00	-10.91	762.60
20171114172102	0.50	757.00	-10.91	762.60
20171114172103	0.50	757.00	-10.91	762.70
20171114172104	0.50	756.90	-10.90	762.70
20171114172105	0.50	756.90	-10.90	762.60
20171114172106	0.50	756.90	-10.91	762.60
20171114172107	0.50	757.00	-10.91	762.60
20171114172108	0.50	757.00	-10.91	762.60
20171114172109	0.50	757.00	-10.91	762.60
20171114172110	0.50	757.00	-10.91	762.60
20171114172111	0.40	757.00	-10.91	762.60
20171114172112	0.40	757.00	-10.91	762.60
20171114172113	0.50	757.00	-10.91	762.60
20171114172114	0.50	757.00	-10.91	762.70
20171114172115	0.50	757.00	-10.91	762.70
20171114172116	0.50	757.00	-10.91	762.60
20171114172117	0.50	757.00	-10.91	762.60
20171114172118	0.40	757.00	-10.91	762.60
20171114172122	0.40	757.00	-10.92	762.70
20171114172123	0.50	756.90	-10.92	762.60
20171114172124	0.50	756.90	-10.92	762.60
20171114172125	0.50	756.90	-10.92	762.60
20171114172126	0.50	757.00	-10.92	762.60
20171114172127	0.50	757.00	-10.92	762.70
20171114172128	0.50	757.00	-10.92	762.70
20171114172129	0.50	757.00	-10.92	762.70
20171114172130	0.50	756.90	-10.92	762.60
20171114172131	0.50	756.90	-10.92	762.60
20171114172132	0.50	756.90	-10.92	762.60
20171114172133	0.50	756.80	-10.91	762.60
20171114172134	0.50	756.80	-10.91	762.60
20171114172135	0.50	756.80	-10.91	762.60
20171114172136	0.40	756.80	-10.91	762.60
20171114172140	0.40	756.80	-10.91	762.70
20171114172141	0.40	757.00	-10.91	762.70
20171114172142	0.40	757.00	-10.91	762.60
20171114172143	0.50	757.00	-10.92	762.60
20171114172144	0.50	757.00	-10.92	762.60
20171114172145	0.50	757.00	-10.91	762.60
20171114172146	0.50	757.00	-10.91	762.50
20171114172147	0.50	757.00	-10.91	762.50
20171114172148	0.50	757.00	-10.92	762.50
20171114172149	0.50	757.00	-10.92	762.70
20171114172150	0.50	757.00	-10.92	762.70
20171114172151	0.40	756.90	-10.92	762.70
20171114172152	0.40	756.90	-10.92	762.70
20171114172153	0.40	756.90	-10.91	762.70
20171114172154	0.40	756.90	-10.91	762.60
20171114172155	0.40	756.90	-10.91	762.60
20171114172156	0.50	756.90	-10.92	762.60
20171114172157	0.50	756.90	-10.92	762.60
20171114172158	0.50	756.90	-10.92	762.60
20171114172159	0.50	756.90	-10.92	762.60
20171114172200	0.40	756.90	-10.92	762.60
20171114172201	0.40	756.90	-10.92	762.70
20171114172202	0.50	756.90	-10.92	762.70
20171114172203	0.50	756.90	-10.92	762.60
20171114172204	0.50	756.90	-10.92	762.60
20171114172205	0.40	757.00	-10.91	762.60
20171114172206	0.40	757.00	-10.91	762.70
20171114172207	0.50	757.00	-10.91	762.70
20171114172208	0.50	757.00	-10.91	762.70
20171114172209	0.50	757.00	-10.91	762.70
20171114172210	0.50	757.00	-10.91	762.70
20171114172211	0.50	756.90	-10.91	762.70
20171114172212	0.50	756.90	-10.91	762.70
20171114172213	0.50	757.00	-10.91	762.60
20171114172214	0.50	757.00	-10.91	762.60
20171114172215	0.50	757.00	-10.92	762.60
20171114172216	0.40	757.00	-10.92	762.60
20171114172217	0.40	757.00	-10.92	762.60
20171114172218	0.50	757.00	-10.92	762.60
20171114172219	0.50	756.90	-10.92	762.70
20171114172220	0.50	756.90	-10.92	762.70
20171114172221	0.50	757.00	-10.91	762.70
20171114172222	0.50	757.00	-10.91	762.70
20171114172223	0.50	757.00	-10.91	762.70
20171114172224	0.50	756.90	-10.91	762.70
20171114172225	0.50	756.90	-10.91	762.70
20171114172226	0.50	756.90	-10.91	762.70
20171114172227	0.50	756.90	-10.91	762.70
20171114172228	0.50	756.90	-10.92	762.70
20171114172229	0.40	756.90	-10.92	762.70
20171114172230	0.40	756.90	-10.92	762.70
20171114172231	0.40	756.90	-10.91	762.70
20171114172232	0.50	756.90	-10.91	762.70
20171114172233	0.50	756.90	-10.91	762.70
20171114172234	0.50	756.90	-10.92	762.70
20171114172235	0.50	756.90	-10.92	762.70
20171114172236	0.50	756.90	-10.91	762.70
20171114172237	0.50	757.00	-10.91	762.70
20171114172238	0.50	757.00	-10.91	762.70
20171114172239	0.40	757.00	-10.92	762.70
20171114172240	0.40	756.90	-10.92	762.70
20171114172241	0.40	756.90	-10.92	762.70
20171114172242	0.40	757.00	-10.92	762.70
20171114172243	0.40	757.00	-10.92	762.70
20171114172244	0.40	757.00	-10.92	762.70
20171114172245	0.40	757.00	-10.92	762.70
20171114172246	0.40	757.00	-10.91	762.70
20171114172247	0.40	756.90	-10.91	762.70
20171114172248	0.40	756.90	-10.91	762.70
20171114172249	0.40	756.90	-10.92	762.70
20171114172250	0.50	756.90	-10.92	762.70
20171114172251	0.50	756.90	-10.92	762.60
20171114172252	0.50	756.90	-10.91	762.60
20171114172253	0.50	756.90	-10.91	762.60
20171114172254	0.50	757.00	-10.91	762.70
20171114172255	0.50	757.00	-10.91	762.70
20171114172256	0.40	757.00	-10.92	762.70
20171114172257	0.40	756.90	-10.92	762.60
20171114172258	0.40	756.90	-10.92	762.60
20171114172259	0.50	756.90	-10.92	762.70
20171114172300	0.50	756.90	-10.92	762.70
20171114172301	0.50	757.00	-10.92	762.70
20171114172302	0.50	757.00	-10.92	762.70
20171114172303	0.40	757.00	-10.92	762.70
20171114172304	0.40	757.00	-10.92	762.70
20171114172305	0.40	757.00	-10.92	762.70
20171114172306	0.40	757.00	-10.91	762.70
20171114172307	0.40	756.90	-10.91	762.70
20171114172308	0.40	756.90	-10.91	762.70
20171114172309	0.50	756.90	-10.91	762.70
20171114172310	0.50	756.90	-10.91	762.70
20171114172311	0.40	756.90	-10.91	762.70
20171114172312	0.40	756.90	-10.91	762.70
20171114172313	0.40	756.90	-10.92	762.70
20171114172314	0.40	757.00	-10.92	762.70
20171114172317	0.40	757.00	-10.92	762.60
20171114172318	0.50	756.90	-10.92	762.60
20171114172319	0.50	756.90	-10.92	762.70
20171114172320	0.50	756.90	-10.92	762.70
20171114172321	0.50	756.90	-10.92	762.70
20171114172322	0.50	756.90	-10.92	762.70
20171114172323	0.50	756.90	-10.92	762.70
20171114172324	0.40	756.90	-10.92	762.70
20171114172325	0.40	756.90	-10.92	762.70
20171114172326	0.40	756.90	-10.91	762.70
20171114172327	0.40	757.00	-10.91	762.70
20171114172328	0.40	757.00	-10.91	762.70
20171114172329	0.50	757.00	-10.91	762.70
20171114172330	0.50	757.00	-10.91	762.70
20171114172331	0.50	757.00	-10.91	762.70
20171114172332	0.50	757.00	-10.91	762.70
20171114172333	0.50	757.00	-10.91	762.70
20171114172334	0.40	757.00	-10.91	762.70
20171114172335	0.40	756.90	-10.91	762.70
20171114172336	0.40	756.90	-10.91	762.70
20171114172337	0.50	757.00	-10.92	762.70
20171114172338	0.50	757.00	-10.92	762.70
20171114172339	0.50	757.00	-10.92	762.70
20171114172340	0.50	757.00	-10.92	762.70
20171114172341	0.50	757.00	-10.92	762.70
20171114172342	0.50	757.00	-10.92	762.70
20171114172343	0.50	757.00	-10.92	762.70
20171114172344	0.50	757.00	-10.93	762.70
20171114172345	0.50	757.00	-10.93	762.60
20171114172346	0.50	757.00	-10.93	762.60
20171114172347	0.50	757.00	-10.92	762.60
20171114172348	0.50	757.00	-10.92	762.60
20171114172349	0.50	757.00	-10.92	762.70
20171114172350	0.50	757.00	-10.92	762.70
20171114172351	0.50	757.00	-10.92	762.70
20171114172352	0.50	757.00	-10.91	762.70
20171114172353	0.50	756.90	-10.91	762.70
20171114172354	0.50	756.90	-10.91	762.70
20171114172355	0.50	756.90	-10.92	762.70
20171114172356	0.50	757.00	-10.92	762.70
20171114172357	0.50	757.00	-10.92	762.80
20171114172358	0.50	757.00	-10.92	762.80
20171114172359	0.50	756.90	-10.92	762.70
20171114172400	0.50	756.90	-10.92	762.70
20171114172401	0.50	756.90	-10.92	762.70
20171114172402	0.50	756.90	-10.92	762.70
20171114172403	0.40	756.90	-10.91	762.70
20171114172404	0.40	756.90	-10.91	762.70
20171114172405	0.40	756.90	-10.91	762.70
20171114172406	0.50	757.00	-10.91	762.70
20171114172407	0.50	757.00	-10.91	762.70
20171114172408	0.50	757.00	-10.91	762.70
20171114172410	0.50	756.90	-10.91	762.60
20171114172411	0.50	756.90	-10.91	762.60
20171114172412	0.50	756.90	-10.91	762.60
20171114172413	0.50	756.90	-10.91	762.70
20171114172414	0.50	756.90	-10.91	762.70
20171114172415	0.50	756.90	-10.91	762.70
20171114172416	0.50	756.90	-10.91	762.70
20171114172417	0.50	756.90	-10.91	762.70
20171114172418	0.50	756.90	-10.91	762.70
20171114172419	0.50	757.00	-10.91	762.70
20171114172420	0.50	757.00	-10.92	762.70
20171114172421	0.50	757.00	-10.92	762.70
20171114172422	0.50	757.00	-10.92	762.70
20171114172423	0.40	757.00	-10.91	762.70
20171114172424	0.40	757.00	-10.91	762.70
20171114172425	0.40	757.00	-10.91	762.70
20171114172426	0.50	757.00	-10.91	762.70
20171114172427	0.50	757.00	-10.91	762.70
20171114172428	0.50	757.00	-10.91	762.70
20171114172429	0.50	756.90	-10.91	762.70
20171114172430	0.50	756.90	-10.91	762.70
20171114172431	0.50	756.90	-10.90	762.70
20171114172432	0.50	756.90	-10.90	762.60
20171114172433	0.50	756.90	-10.90	762.60
20171114172434	0.50	756.90	-10.90	762.60
20171114172435	0.50	757.00	-10.90	762.70
20171114172436	0.50	757.00	-10.90	762.70
20171114172437	0.50	757.00	-10.90	762.70
20171114172438	0.50	757.00	-10.90	762.70
20171114172439	0.50	757.00	-10.90	762.70
20171114172440	0.40	757.00	-10.90	762.70
20171114172441	0.40	757.00	-10.90	762.70
20171114172442	0.40	757.00	-10.90	762.70
20171114172443	0.50	757.00	-10.90	762.70
20171114172444	0.50	757.00	-10.90	762.70
20171114172445	0.50	757.00	-10.90	762.70
20171114172446	0.40	756.90	-10.90	762.70
20171114172447	0.40	756.90	-10.90	762.80
20171114172448	0.40	756.90	-10.90	762.80
20171114172449	0.40	756.90	-10.89	762.80
20171114172450	0.40	756.90	-10.89	762.70
20171114172451	0.40	756.90	-10.90	762.70
20171114172452	0.40	756.90	-10.90	762.70
20171114172453	0.40	756.90	-10.90	762.70
20171114172454	0.40	756.90	-10.89	762.70
20171114172455	0.40	756.90	-10.89	762.70
20171114172456	0.40	756.90	-10.90	762.70
20171114172457	0.50	757.00	-10.90	762.70
20171114172458	0.50	757.00	-10.90	762.70
20171114172459	0.50	757.00	-10.90	762.70
20171114172500	0.50	756.90	-10.90	762.70
20171114172501	0.50	756.90	-10.90	762.70
20171114172502	0.50	756.90	-10.89	762.70
20171114172503	0.40	757.00	-10.89	762.70
20171114172504	0.40	757.00	-10.89	762.70
20171114172505	0.50	756.90	-10.89	762.70
20171114172506	0.50	756.90	-10.89	762.80
20171114172507	0.50	756.90	-10.91	762.80
20171114172508	0.50	757.00	-10.91	762.80
20171114172509	0.50	757.00	-10.91	762.70
20171114172512	0.40	756.90	-10.91	762.80
20171114172513	0.40	756.90	-10.91	762.80
20171114172514	0.40	756.90	-10.90	762.80
20171114172515	0.40	756.90	-10.90	762.80
20171114172516	0.40	756.90	-10.90	762.70
20171114172517	0.50	756.90	-10.91	762.70
20171114172519	0.50	756.90	-10.91	762.70
20171114172520	0.40	756.90	-10.91	762.70
20171114172521	0.40	756.90	-10.91	762.70
20171114172522	0.40	756.90	-10.91	762.70
20171114172523	0.50	756.90	-10.91	762.70
20171114172524	0.50	756.90	-10.91	762.70
20171114172525	0.50	756.90	-10.91	762.70
20171114172526	0.50	756.90	-10.91	762.70
20171114172527	0.50	756.90	-10.91	762.70
20171114172528	0.40	756.90	-10.91	762.70
20171114172529	0.40	756.90	-10.91	762.80
20171114172530	0.50	756.90	-10.91	762.80
20171114172531	0.50	756.90	-10.91	762.70
20171114172532	0.50	756.90	-10.91	762.70
20171114172533	0.40	756.90	-10.91	762.70
20171114172534	0.40	756.90	-10.91	762.70
20171114172535	0.50	756.90	-10.91	762.70
20171114172536	0.50	756.90	-10.91	762.70
20171114172537	0.50	756.90	-10.91	762.70
20171114172538	0.40	756.90	-10.91	762.70
20171114172539	0.40	756.90	-10.91	762.80
20171114172540	0.40	756.90	-10.91	762.80
20171114172541	0.40	756.90	-10.91	762.80
20171114172542	0.40	756.90	-10.91	762.70
20171114172543	0.40	756.90	-10.90	762.70
20171114172544	0.40	756.90	-10.90	762.80
20171114172545	0.40	756.90	-10.90	762.80
20171114172546	0.50	756.90	-10.91	762.80
20171114172547	0.50	757.00	-10.91	762.70
20171114172548	0.50	757.00	-10.91	762.70
20171114172549	0.40	756.90	-10.91	762.70
20171114172550	0.40	756.90	-10.91	762.70
20171114172551	0.50	756.90	-10.91	762.70
20171114172552	0.50	756.90	-10.91	762.70
20171114172553	0.50	756.90	-10.91	762.70
20171114172554	0.40	756.90	-10.91	762.70
20171114172555	0.40	756.90	-10.91	762.70
20171114172556	0.50	756.90	-10.91	762.70
20171114172557	0.50	757.00	-10.91	762.80
20171114172558	0.50	757.00	-10.91	762.80
20171114172559	0.50	756.90	-10.91	762.80
20171114172605	0.40	756.90	-10.91	762.80
20171114172606	0.40	756.90	-10.91	762.80
20171114172607	0.50	756.90	-10.91	762.80
20171114172608	0.50	756.90	-10.91	762.70
20171114172609	0.50	756.90	-10.91	762.70
20171114172610	0.50	756.90	-10.91	762.70
20171114172611	0.50	756.90	-10.91	762.70
20171114172612	0.50	756.90	-10.91	762.70
20171114172613	0.50	756.90	-10.91	762.70
20171114172614	0.50	756.90	-10.91	762.70
20171114172615	0.50	757.00	-10.91	762.70
20171114172616	0.50	757.00	-10.91	762.70
20171114172617	0.50	757.00	-10.90	762.70
20171114172618	0.40	756.90	-10.90	762.70
20171114172619	0.40	756.90	-10.90	762.80
20171114172620	0.40	756.90	-10.90	762.80
20171114172621	0.40	756.90	-10.91	762.80
20171114172622	0.40	756.90	-10.91	762.70
20171114172623	0.40	756.90	-10.91	762.70
20171114172624	0.40	756.90	-10.91	762.70
20171114172625	0.40	756.90	-10.91	762.70
20171114172626	0.50	756.90	-10.91	762.70
20171114172627	0.50	756.80	-10.91	762.80
20171114172628	0.50	756.80	-10.91	762.80
20171114172629	0.40	756.90	-10.90	762.80
20171114172630	0.40	756.90	-10.90	762.80
20171114172631	0.40	756.90	-10.91	762.80
20171114172632	0.40	756.90	-10.91	762.80
20171114172633	0.40	756.90	-10.91	762.80
20171114172634	0.40	756.90	-10.91	762.80
20171114172635	0.50	756.90	-10.91	762.80
20171114172636	0.50	756.80	-10.91	762.70
20171114172637	0.50	756.80	-10.90	762.70
20171114172638	0.50	756.80	-10.90	762.70
20171114172640	0.50	756.80	-10.90	762.70
20171114172641	0.50	756.80	-10.91	762.70
20171114172642	0.50	757.00	-10.91	762.80
20171114172643	0.50	757.00	-10.91	762.80
20171114172644	0.50	756.90	-10.91	762.80
20171114172645	0.50	756.90	-10.91	762.70
20171114172646	0.50	756.90	-10.91	762.70
20171114172647	0.40	756.90	-10.91	762.70
20171114172648	0.40	756.90	-10.91	762.80
20171114172649	0.40	756.90	-10.91	762.80
20171114172650	0.40	756.90	-10.91	762.70
20171114172651	0.40	756.90	-10.91	762.70
20171114172652	0.50	756.90	-10.91	762.70
20171114172653	0.50	756.90	-10.91	762.70
20171114172654	0.50	756.90	-10.91	762.70
20171114172655	0.50	756.90	-10.91	762.80
20171114172656	0.50	756.90	-10.91	762.80
20171114172657	0.40	756.90	-10.90	762.80
20171114172658	0.40	756.80	-10.90	762.70
20171114172659	0.40	756.80	-10.91	762.70
20171114172700	0.40	757.00	-10.91	762.70
20171114172701	0.40	757.00	-10.91	762.80
20171114172702	0.40	757.00	-10.92	762.80
20171114172703	0.40	757.00	-10.92	762.80
20171114172704	0.40	756.90	-10.92	762.70
20171114172705	0.40	756.90	-10.91	762.70
20171114172706	0.50	757.00	-10.91	762.70
20171114172707	0.50	757.00	-10.91	762.70
20171114172708	0.50	757.00	-10.91	762.70
20171114172709	0.50	757.00	-10.91	762.70
20171114172710	0.50	757.00	-10.91	762.70
20171114172711	0.40	757.00	-10.91	762.70
20171114172712	0.40	757.00	-10.91	762.70
20171114172713	0.40	757.00	-10.91	762.70
20171114172714	0.50	756.90	-10.91	762.70
20171114172715	0.50	756.90	-10.91	762.70
20171114172716	0.40	756.90	-10.91	762.70
20171114172717	0.40	756.90	-10.91	762.70
20171114172720	0.40	756.90	-10.91	762.70
20171114172721	0.40	756.90	-10.91	762.70
20171114172722	0.50	756.90	-10.91	762.70
20171114172723	0.50	756.90	-10.91	762.70
20171114172724	0.50	756.90	-10.91	762.70
20171114172725	0.50	757.00	-10.91	762.80
20171114172726	0.50	757.00	-10.91	762.80
20171114172727	0.40	757.00	-10.90	762.80
20171114172728	0.40	757.00	-10.90	762.80
20171114172729	0.40	757.00	-10.91	762.80
20171114172730	0.40	757.00	-10.91	762.80
20171114172731	0.40	756.90	-10.91	762.80
20171114172732	0.40	756.90	-10.91	762.80
20171114172733	0.40	756.90	-10.91	762.80
20171114172734	0.40	756.90	-10.91	762.80
20171114172735	0.40	756.90	-10.91	762.80
20171114172736	0.40	756.90	-10.92	762.80
20171114172737	0.40	756.90	-10.92	762.80
20171114172738	0.40	756.90	-10.92	762.80
20171114172740	0.40	756.90	-10.92	762.80
20171114172741	0.40	756.90	-10.92	762.80
20171114172742	0.40	756.90	-10.92	762.80
20171114172743	0.50	756.90	-10.92	762.80
20171114172744	0.50	756.90	-10.92	762.80
20171114172745	0.50	756.80	-10.92	762.80
20171114172746	0.50	756.80	-10.92	762.80
20171114172747	0.40	756.90	-10.92	762.80
20171114172748	0.40	756.90	-10.92	762.70
20171114172749	0.40	756.90	-10.92	762.70
20171114172750	0.40	756.90	-10.92	762.80
20171114172751	0.40	756.90	-10.92	762.80
20171114172752	0.40	756.90	-10.92	762.80
20171114172753	0.40	757.00	-10.92	762.70
20171114172754	0.50	757.00	-10.92	762.70
20171114172755	0.50	756.90	-10.92	762.70
20171114172756	0.50	756.90	-10.92	762.70
20171114172757	0.50	756.90	-10.93	762.70
20171114172758	0.40	756.80	-10.93	762.70
20171114172759	0.40	756.80	-10.93	762.80
20171114172800	0.40	756.80	-10.91	762.80
20171114172801	0.40	756.90	-10.91	762.70
20171114172802	0.40	756.90	-10.92	762.70
20171114172803	0.40	756.80	-10.92	762.70
20171114172804	0.40	756.80	-10.92	762.80
20171114172805	0.50	756.80	-10.92	762.80
20171114172806	0.50	756.90	-10.92	762.80
20171114172807	0.50	756.90	-10.92	762.80
20171114172808	0.50	756.90	-10.92	762.80
20171114172809	0.50	756.90	-10.92	762.80
20171114172810	0.50	756.90	-10.92	762.80
20171114172811	0.40	756.90	-10.91	762.80
20171114172812	0.40	756.90	-10.91	762.80
20171114172813	0.40	756.90	-10.91	762.80
20171114172814	0.40	756.90	-10.91	762.80
20171114172815	0.40	756.90	-10.91	762.80
20171114172816	0.40	756.90	-10.90	762.80
20171114172817	0.50	756.90	-10.90	762.80
20171114172818	0.50	756.90	-10.90	762.80
20171114172819	0.50	756.90	-10.90	762.80
20171114172820	0.50	756.90	-10.90	762.80
20171114172821	0.50	756.90	-10.90	762.80
20171114172822	0.50	756.90	-10.90	762.80
20171114172823	0.50	756.90	-10.90	762.80
20171114172824	0.50	756.90	-10.90	762.80
20171114172825	0.50	756.90	-10.91	762.80
20171114172826	0.40	756.90	-10.91	762.80
20171114172827	0.40	756.90	-10.91	762.70
20171114172828	0.40	756.90	-10.91	762.70
20171114172829	0.40	756.90	-10.90	762.70
20171114172830	0.40	756.90	-10.90	762.80
20171114172831	0.40	756.90	-10.90	762.80
20171114172832	0.50	756.90	-10.90	762.80
20171114172833	0.50	756.90	-10.90	762.70
20171114172834	0.50	756.90	-10.90	762.70
20171114172835	0.40	756.90	-10.90	762.70
20171114172836	0.40	756.90	-10.90	762.80
20171114172837	0.40	756.90	-10.90	762.80
20171114172838	0.40	756.80	-10.90	762.80
20171114172839	0.40	756.80	-10.90	762.70
20171114172840	0.40	756.80	-10.90	762.70
20171114172841	0.40	756.80	-10.90	762.70
20171114172847	0.40	756.90	-10.90	762.70
20171114172903	0.40	756.90	-10.91	762.70
20171114172904	0.40	756.80	-10.91	762.70
20171114172905	0.40	756.80	-10.91	762.70
20171114172906	0.40	756.80	-10.90	762.70
20171114172907	0.40	757.00	-10.90	762.70
20171114172908	0.40	757.00	-10.90	762.70
20171114172909	0.40	757.00	-10.90	762.80
20171114172910	0.40	757.00	-10.90	762.80
20171114172912	0.40	757.00	-10.90	762.80
20171114172913	0.40	757.00	-10.90	762.80
20171114172914	0.40	756.90	-10.90	762.70
20171114172915	0.40	756.90	-10.90	762.70
20171114172916	0.40	756.90	-10.91	762.70
20171114172917	0.40	756.90	-10.91	762.80
20171114172918	0.40	756.90	-10.91	762.80
20171114172919	0.40	757.00	-10.91	762.70
20171114172920	0.40	757.00	-10.91	762.70
20171114172921	0.40	757.00	-10.91	762.70
20171114172922	0.40	757.00	-10.91	762.80
20171114172923	0.40	757.00	-10.91	762.80
20171114172924	0.40	757.00	-10.91	762.70
20171114172925	0.40	757.00	-10.90	762.70
20171114172926	0.40	757.00	-10.90	762.70
20171114172927	0.40	757.00	-10.90	762.70
20171114172928	0.40	756.90	-10.90	762.80
20171114172929	0.40	756.90	-10.91	762.80
20171114172930	0.40	756.90	-10.91	762.80
20171114172931	0.40	756.90	-10.91	762.80
20171114172932	0.50	756.90	-10.89	762.80
20171114172933	0.50	756.90	-10.89	762.70
20171114172934	0.50	756.90	-10.89	762.70
20171114172935	0.50	756.90	-10.89	762.70
20171114172936	0.50	756.90	-10.89	762.70
20171114172937	0.50	756.90	-10.89	762.70
20171114172938	0.40	756.90	-10.89	762.70
20171114172939	0.40	756.90	-10.89	762.70
20171114172940	0.40	756.90	-10.89	762.70
20171114172945	0.40	756.90	-10.89	762.70
20171114172946	0.50	756.90	-10.89	762.70
20171114172947	0.50	756.90	-10.89	762.80
20171114172956	0.40	756.80	-10.89	762.70
20171114172957	0.40	756.90	-10.89	762.70
20171114172958	0.40	756.90	-10.89	762.70
20171114172959	0.40	756.90	-10.89	762.70
20171114173000	0.40	756.90	-10.89	762.70
20171114173001	0.40	756.90	-10.89	762.70
20171114173002	0.50	756.90	-10.89	762.70
20171114173007	0.50	756.80	-10.89	762.70
20171114173008	0.40	756.80	-10.89	762.70
20171114173009	0.40	756.90	-10.89	762.70
20171114173010	0.40	756.90	-10.90	762.70
20171114173011	0.40	756.90	-10.90	762.70
20171114173012	0.40	756.80	-10.90	762.70
20171114173013	0.40	756.80	-10.90	762.70
20171114173014	0.40	756.90	-10.90	762.70
20171114173015	0.40	756.90	-10.90	762.70
20171114173016	0.50	756.90	-10.90	762.70
20171114173017	0.50	756.90	-10.90	762.70
20171114173018	0.50	756.90	-10.90	762.70
20171114173019	0.40	757.00	-10.90	762.70
20171114173025	0.40	756.90	-10.90	762.70
20171114173026	0.40	756.90	-10.90	762.70
20171114173027	0.40	756.90	-10.90	762.70
20171114173028	0.50	756.90	-10.90	762.70
20171114173029	0.50	756.90	-10.90	762.70
20171114173030	0.50	756.90	-10.90	762.70
20171114173031	0.50	756.90	-10.90	762.70
20171114173032	0.50	756.90	-10.90	762.70
20171114173033	0.40	756.90	-10.90	762.70
20171114173034	0.40	756.90	-10.90	762.80
20171114173035	0.40	756.90	-10.90	762.80
20171114173036	0.40	756.90	-10.90	762.70
20171114173037	0.40	756.90	-10.90	762.70
20171114173038	0.50	756.90	-10.90	762.70
20171114173039	0.50	756.90	-10.90	762.70
20171114173040	0.50	756.90	-10.90	762.70
20171114173041	0.40	756.90	-10.90	762.80
20171114173042	0.40	756.90	-10.90	762.80
20171114173043	0.40	756.90	-10.90	762.80
20171114173044	0.40	756.90	-10.90	762.70
20171114173045	0.40	756.90	-10.90	762.70
20171114173046	0.40	757.00	-10.90	762.70
20171114173047	0.40	757.00	-10.91	762.70
20171114173052	0.40	756.90	-10.90	762.80
20171114173053	0.40	756.90	-10.90	762.80
20171114173054	0.40	756.90	-10.90	762.70
20171114173055	0.40	756.90	-10.90	762.70
20171114173056	0.40	757.00	-10.90	762.70
20171114173057	0.40	757.00	-10.90	762.70
20171114173058	0.40	756.90	-10.90	762.70
20171114173059	0.40	756.90	-10.90	762.70
20171114173100	0.40	756.90	-10.90	762.70
20171114173101	0.40	756.90	-10.90	762.80
20171114173102	0.40	756.90	-10.90	762.80
20171114173103	0.40	756.90	-10.89	762.80
20171114173104	0.40	756.90	-10.89	762.80
20171114173105	0.40	756.90	-10.89	762.80
20171114173106	0.40	756.90	-10.90	762.80
20171114173107	0.40	756.90	-10.90	762.70
20171114173108	0.40	756.90	-10.90	762.70
20171114173109	0.40	756.90	-10.90	762.70
20171114173110	0.40	756.90	-10.90	762.70
20171114173111	0.50	756.90	-10.90	762.70
20171114173112	0.50	756.90	-10.90	762.70
20171114173113	0.40	757.00	-10.90	762.70
20171114173114	0.40	757.00	-10.90	762.70
20171114173115	0.50	757.00	-10.90	762.70
20171114173116	0.50	756.90	-10.90	762.80
20171114173117	0.50	756.90	-10.90	762.80
20171114173118	0.40	756.90	-10.90	762.70
20171114173119	0.40	756.90	-10.90	762.70
20171114173120	0.40	757.00	-10.90	762.70
20171114173121	0.40	757.00	-10.90	762.70
20171114173122	0.40	757.00	-10.90	762.70
20171114173123	0.40	756.90	-10.90	762.80
20171114173124	0.40	756.90	-10.90	762.80
20171114173125	0.50	756.90	-10.90	762.80
20171114173126	0.50	756.90	-10.90	762.80
20171114173127	0.50	756.90	-10.90	762.80
20171114173128	0.40	756.90	-10.90	762.80
20171114173129	0.40	756.90	-10.90	762.70
20171114173130	0.40	756.90	-10.91	762.70
20171114173133	0.40	757.00	-10.91	762.70
20171114173134	0.40	756.90	-10.91	762.70
20171114173135	0.40	756.90	-10.91	762.80
20171114173136	0.40	756.90	-10.91	762.80
20171114173137	0.40	756.90	-10.91	762.80
20171114173138	0.40	756.90	-10.90	762.80
20171114173139	0.40	756.90	-10.90	762.80
20171114173148	0.40	756.90	-10.90	762.70
20171114173149	0.40	756.90	-10.90	762.70
20171114173150	0.40	756.90	-10.90	762.70
20171114173151	0.40	756.90	-10.91	762.70
20171114173152	0.40	757.00	-10.91	762.70
20171114173153	0.40	757.00	-10.91	762.70
20171114173154	0.40	757.00	-10.91	762.70
20171114173200	0.40	756.80	-10.91	762.70
20171114173201	0.40	756.80	-10.91	762.70
20171114173202	0.40	756.90	-10.91	762.80
20171114173203	0.40	756.90	-10.91	762.80
20171114173204	0.40	756.90	-10.91	762.80
20171114173205	0.40	756.90	-10.91	762.80
20171114173206	0.40	756.90	-10.91	762.80
20171114173207	0.40	756.90	-10.91	762.80
20171114173208	0.40	756.90	-10.91	762.80
20171114173209	0.40	756.90	-10.91	762.80
20171114173210	0.40	756.90	-10.91	762.80
20171114173211	0.40	756.90	-10.90	762.80
20171114173212	0.40	756.80	-10.90	762.70
20171114173213	0.40	756.80	-10.91	762.70
20171114173214	0.40	756.90	-10.91	762.70
20171114173215	0.40	756.90	-10.91	762.70
20171114173216	0.50	756.90	-10.91	762.70
20171114173217	0.50	756.90	-10.91	762.80
20171114173218	0.50	756.90	-10.91	762.80
20171114173219	0.40	756.90	-10.91	762.80
20171114173220	0.40	756.90	-10.91	762.80
20171114173221	0.40	756.90	-10.91	762.80
20171114173222	0.40	756.90	-10.91	762.70
20171114173223	0.40	756.90	-10.91	762.70
20171114173224	0.40	756.90	-10.91	762.80
20171114173225	0.40	756.90	-10.91	762.80
20171114173226	0.40	756.80	-10.91	762.80
20171114173227	0.40	756.80	-10.90	762.80
20171114173228	0.50	756.80	-10.90	762.80
20171114173256	0.40	756.90	-10.91	762.80
20171114173257	0.40	756.90	-10.91	762.80
20171114173258	0.40	756.90	-10.91	762.70
20171114173259	0.40	756.90	-10.91	762.70
20171114173300	0.40	756.90	-10.91	762.70
20171114173301	0.40	756.90	-10.91	762.70
20171114173307	0.40	756.90	-10.91	762.80
20171114173308	0.40	756.90	-10.91	762.80
20171114173309	0.40	756.90	-10.91	762.80
20171114173310	0.40	756.90	-10.91	762.80
20171114173311	0.40	756.90	-10.91	762.70
20171114173312	0.40	756.90	-10.91	762.70
20171114173313	0.40	756.90	-10.91	762.70
20171114173314	0.40	757.00	-10.91	762.70
20171114173315	0.40	757.00	-10.91	762.70
20171114173316	0.40	756.90	-10.91	762.70
20171114173317	0.40	756.90	-10.91	762.70
20171114173318	0.40	756.90	-10.93	762.70
20171114173319	0.40	757.00	-10.93	762.80
20171114173320	0.40	757.00	-10.93	762.80
20171114173321	0.40	757.00	-10.92	762.80
20171114173322	0.40	757.00	-10.92	762.80
20171114173323	0.40	756.90	-10.92	762.80
20171114173324	0.40	756.90	-10.92	762.80
20171114173325	0.40	756.90	-10.92	762.80
20171114173326	0.40	756.90	-10.92	762.70
20171114173327	0.40	756.90	-10.92	762.70
20171114173328	0.40	756.90	-10.92	762.70
20171114173337	0.40	756.90	-10.92	762.80
20171114173338	0.40	756.90	-10.92	762.80
20171114173339	0.40	756.90	-10.92	762.70
20171114173340	0.40	756.90	-10.92	762.70
20171114173341	0.40	756.90	-10.92	762.80
20171114173342	0.40	756.90	-10.92	762.80
20171114173343	0.40	756.90	-10.92	762.80
20171114173344	0.40	756.90	-10.92	762.70
20171114173345	0.40	756.90	-10.92	762.70
20171114173346	0.40	756.90	-10.92	762.80
20171114173348	0.40	756.90	-10.92	762.80
20171114173349	0.40	756.90	-10.92	762.80
20171114173350	0.40	756.90	-10.92	762.80
20171114173351	0.40	756.90	-10.92	762.80
20171114173352	0.40	756.90	-10.92	762.80
20171114173353	0.40	756.90	-10.92	762.80
20171114173354	0.40	756.90	-10.92	762.80
20171114173355	0.40	756.90	-10.92	762.80
20171114173356	0.40	756.80	-10.92	762.80
20171114173357	0.40	756.80	-10.92	762.80
20171114173358	0.50	756.90	-10.91	762.80
20171114173359	0.50	756.90	-10.91	762.90
20171114173400	0.50	756.90	-10.91	762.90
20171114173401	0.50	756.90	-10.91	762.80
20171114173402	0.50	756.90	-10.91	762.80
20171114173403	0.40	757.00	-10.91	762.80
20171114173404	0.40	757.00	-10.91	762.70
20171114173405	0.40	757.00	-10.91	762.70
20171114173406	0.50	756.90	-10.91	762.70
20171114173407	0.50	756.90	-10.91	762.80
20171114173408	0.50	756.90	-10.92	762.80
20171114173409	0.40	756.90	-10.92	762.80
20171114173411	0.40	756.90	-10.91	762.80
20171114173412	0.40	757.00	-10.91	762.70
20171114173413	0.40	757.00	-10.91	762.70
20171114173414	0.40	757.00	-10.91	762.70
20171114173415	0.40	756.90	-10.91	762.70
20171114173416	0.40	756.90	-10.91	762.80
20171114173417	0.40	756.90	-10.92	762.80
20171114173418	0.40	756.90	-10.92	762.80
20171114173419	0.40	756.90	-10.92	762.80
20171114173423	0.40	756.80	-10.91	762.80
20171114173424	0.40	756.80	-10.92	762.80
20171114173425	0.40	756.90	-10.92	762.80
20171114173426	0.40	756.90	-10.92	762.80
20171114173427	0.40	756.90	-10.91	762.80
20171114173428	0.40	756.90	-10.91	762.80
20171114173429	0.40	756.90	-10.91	762.80
20171114173430	0.40	756.90	-10.92	762.80
20171114173431	0.40	756.90	-10.92	762.80
20171114173432	0.40	756.90	-10.91	762.80
20171114173434	0.40	756.90	-10.91	762.80
20171114173435	0.40	756.90	-10.91	762.80
20171114173436	0.40	756.90	-10.89	762.80
20171114173437	0.40	756.90	-10.89	762.80
20171114173438	0.40	756.90	-10.89	762.80
20171114173439	0.40	756.90	-10.89	762.80
20171114173440	0.50	756.90	-10.90	762.80
20171114173441	0.50	756.90	-10.90	762.80
20171114173442	0.50	756.90	-10.90	762.80
20171114173443	0.50	756.90	-10.90	762.80
20171114173444	0.40	756.80	-10.90	762.80
20171114173445	0.40	756.80	-10.90	762.80
20171114173446	0.40	756.80	-10.90	762.80
20171114173447	0.40	757.00	-10.90	762.80
20171114173448	0.40	757.00	-10.90	762.80
20171114173449	0.40	757.00	-10.90	762.80
20171114173450	0.40	756.90	-10.90	762.70
20171114173451	0.40	756.90	-10.90	762.70
20171114173452	0.40	756.90	-10.90	762.70
20171114173455	0.40	756.90	-10.90	762.80
20171114173456	0.40	756.90	-10.90	762.80
20171114173457	0.40	756.90	-10.90	762.90
20171114173458	0.40	756.90	-10.90	762.90
20171114173459	0.40	756.90	-10.89	762.90
20171114173500	0.40	756.90	-10.89	762.80
20171114173501	0.40	756.90	-10.90	762.80
20171114173502	0.40	756.90	-10.90	762.80
20171114173503	0.40	756.90	-10.90	762.80
20171114173504	0.50	756.90	-10.90	762.80
20171114173505	0.50	756.90	-10.90	762.70
20171114173506	0.40	756.90	-10.90	762.70
20171114173507	0.40	756.80	-10.90	762.80
20171114173508	0.40	756.80	-10.90	762.80
20171114173509	0.40	756.80	-10.90	762.80
20171114173510	0.40	756.80	-10.90	762.80
20171114173511	0.40	756.80	-10.90	762.80
20171114173512	0.40	756.80	-10.90	762.80
20171114173513	0.40	756.80	-10.91	762.80
20171114173514	0.50	756.90	-10.91	762.80
20171114173519	0.40	756.90	-10.91	762.80
20171114173520	0.40	756.90	-10.90	762.80
20171114173521	0.40	756.90	-10.90	762.80
20171114173522	0.40	756.90	-10.90	762.80
20171114173523	0.40	756.90	-10.90	762.80
20171114173524	0.40	756.90	-10.90	762.80
20171114173525	0.40	756.90	-10.90	762.90
20171114173526	0.40	756.90	-10.91	762.90
20171114173527	0.40	756.90	-10.91	762.90
20171114173528	0.40	756.90	-10.91	762.90
20171114173529	0.40	756.90	-10.91	762.90
20171114173530	0.40	757.00	-10.91	762.90
20171114173531	0.40	757.00	-10.91	762.90
20171114173532	0.50	757.00	-10.90	762.90
20171114173533	0.50	756.90	-10.90	762.80
20171114173534	0.50	756.90	-10.90	762.80
20171114173535	0.40	756.90	-10.90	762.80
20171114173536	0.40	756.90	-10.90	762.80
20171114173537	0.50	756.90	-10.90	762.80
20171114173538	0.50	757.00	-10.90	762.80
20171114173539	0.50	757.00	-10.90	762.80
20171114173540	0.40	757.00	-10.90	762.80
20171114173541	0.40	757.00	-10.90	762.80
20171114173542	0.40	757.00	-10.91	762.80
20171114173543	0.40	757.00	-10.91	762.80
20171114173544	0.40	757.00	-10.91	762.80
20171114173545	0.40	756.90	-10.91	762.80
20171114173546	0.40	756.90	-10.91	762.90
20171114173547	0.40	756.90	-10.90	762.90
20171114173548	0.40	756.90	-10.90	762.80
20171114173549	0.40	756.90	-10.90	762.80
20171114173550	0.50	756.90	-10.90	762.80
20171114173551	0.50	756.90	-10.90	762.80
20171114173552	0.40	756.90	-10.90	762.80
20171114173553	0.40	757.00	-10.90	762.80
20171114173554	0.40	757.00	-10.90	762.80
20171114173555	0.40	757.00	-10.90	762.80
20171114173556	0.40	756.90	-10.90	762.90
20171114173557	0.40	756.90	-10.90	762.90
20171114173558	0.40	756.90	-10.90	762.90
20171114173559	0.40	756.90	-10.90	762.80
20171114173600	0.40	756.90	-10.90	762.80
20171114173601	0.40	756.90	-10.90	762.80
20171114173602	0.40	756.90	-10.90	762.80
20171114173603	0.40	756.90	-10.90	762.80
20171114173604	0.40	757.00	-10.90	762.80
20171114173605	0.40	757.00	-10.89	762.80
20171114173606	0.50	756.80	-10.89	762.80
20171114173607	0.50	756.80	-10.89	762.80
20171114173608	0.50	756.80	-10.90	762.80
20171114173609	0.50	756.90	-10.90	762.90
20171114173610	0.50	756.90	-10.90	762.90
20171114173611	0.40	756.90	-10.90	762.90
20171114173612	0.40	756.90	-10.90	762.90
20171114173613	0.40	756.90	-10.90	762.90
20171114173614	0.40	756.90	-10.90	762.90
20171114173615	0.40	756.90	-10.90	762.80
20171114173619	0.40	756.90	-10.90	762.80
20171114173620	0.40	756.90	-10.90	762.80
20171114173621	0.40	756.90	-10.90	762.80
20171114173622	0.40	757.00	-10.90	762.80
20171114173623	0.40	757.00	-10.90	762.80
20171114173624	0.40	756.90	-10.90	762.80
20171114173625	0.40	756.90	-10.90	762.90
20171114173626	0.40	756.90	-10.90	762.90
20171114173627	0.40	756.90	-10.90	762.90
20171114173628	0.40	756.90	-10.91	762.90
20171114173629	0.40	756.90	-10.91	762.90
20171114173630	0.40	756.90	-10.91	762.80
20171114173631	0.40	756.90	-10.90	762.80
20171114173632	0.40	756.90	-10.90	762.90
20171114173633	0.40	756.90	-10.90	762.90
20171114173634	0.40	756.90	-10.91	762.90
20171114173635	0.40	756.90	-10.91	762.90
20171114173636	0.40	756.90	-10.91	762.90
20171114173637	0.40	757.00	-10.91	762.90
20171114173638	0.40	757.00	-10.91	762.80
20171114173639	0.40	757.00	-10.90	762.80
20171114173640	0.40	756.90	-10.90	762.90
20171114173641	0.40	756.90	-10.90	762.90
20171114173642	0.40	756.90	-10.90	762.90
20171114173643	0.40	756.90	-10.90	762.80
20171114173644	0.40	756.90	-10.91	762.80
20171114173645	0.40	756.90	-10.91	762.80
20171114173646	0.40	756.90	-10.91	762.80
20171114173647	0.40	756.90	-10.91	762.80
20171114173648	0.40	756.90	-10.91	762.80
20171114173651	0.40	756.90	-10.90	762.80
20171114173652	0.40	756.90	-10.90	762.80
20171114173653	0.40	757.00	-10.90	762.70
20171114173654	0.40	757.00	-10.90	762.70
20171114173655	0.40	757.00	-10.90	762.70
20171114173656	0.40	756.80	-10.90	762.80
20171114173657	0.40	756.80	-10.91	762.80
