20171110180415	0.60	761.20	-13.00
20171110180416	0.60	761.20	-13.00
20171110180417	0.60	761.20	-13.00
20171110180418	0.60	761.20	-13.00
20171110180419	0.60	761.20	-13.00
20171110180420	0.60	761.20	-13.00
20171110180421	0.60	761.20	-13.00
20171110180422	0.60	761.20	-13.00
20171110180423	0.60	761.30	-13.00
20171110180424	0.60	761.30	-13.00
20171110180425	0.50	761.30	-13.00
20171110180426	0.50	761.30	-13.00
20171110180427	0.50	761.30	-12.99
20171110180428	0.50	761.30	-12.99
20171110180429	0.60	761.30	-13.00
20171110180430	0.60	761.30	-13.00
20171110180431	0.50	761.30	-12.99
20171110180432	0.50	761.30	-12.99
20171110180433	0.50	761.30	-12.99
20171110180434	0.50	761.40	-12.99
20171110180435	0.60	761.40	-12.99
20171110180436	0.60	761.30	-12.99
20171110180437	0.60	761.30	-13.00
20171110180438	0.60	761.30	-13.00
20171110180439	0.50	761.30	-12.99
20171110180440	0.50	761.30	-12.99
20171110180441	0.50	761.30	-13.00
20171110180442	0.60	761.30	-13.00
20171110180443	0.60	761.30	-13.00
20171110180444	0.60	761.30	-12.99
20171110180445	0.60	761.30	-12.99
20171110180446	0.60	761.30	-12.99
20171110180447	0.60	761.30	-12.99
20171110180448	0.60	761.30	-12.99
20171110180449	0.60	761.30	-12.99
20171110180453	0.50	761.30	-13.00
20171110180454	0.60	761.20	-12.99
20171110180455	0.60	761.20	-12.99
20171110180456	0.60	761.30	-12.99
20171110180457	0.60	761.30	-13.00
20171110180458	0.60	761.30	-13.00
20171110180502	0.50	761.30	-13.00
20171110180503	0.60	761.40	-12.99
20171110180504	0.60	761.40	-13.00
20171110180506	0.60	761.30	-13.00
20171110180507	0.60	761.30	-12.99
20171110180508	0.60	761.30	-12.99
20171110180509	0.60	761.30	-13.00
20171110180510	0.50	761.30	-13.00
20171110180511	0.50	761.30	-13.00
20171110180512	0.60	761.30	-13.00
20171110180513	0.60	761.30	-13.00
20171110180514	0.60	761.40	-13.00
20171110180518	0.60	761.40	-12.99
20171110180519	0.60	761.30	-12.99
20171110180520	0.60	761.30	-12.99
20171110180521	0.50	761.30	-12.99
20171110180522	0.50	761.30	-12.99
20171110180523	0.50	761.30	-13.00
20171110180524	0.50	761.30	-13.00
20171110180525	0.50	761.30	-12.99
20171110180526	0.50	761.40	-12.99
20171110180527	0.50	761.40	-12.99
20171110180528	0.60	761.40	-13.00
20171110180529	0.60	761.30	-13.00
20171110180530	0.60	761.30	-12.99
20171110180531	0.60	761.40	-12.99
20171110180532	0.60	761.40	-12.99
20171110180533	0.60	761.30	-13.00
20171110180534	0.60	761.30	-13.00
20171110180535	0.60	761.30	-13.00
20171110180536	0.60	761.30	-13.00
20171110180537	0.60	761.30	-12.99
20171110180549	0.60	761.30	-13.00
20171110180550	0.50	761.30	-12.99
20171110180551	0.50	761.30	-13.00
20171110180554	0.60	761.40	-13.00
20171110180555	0.50	761.30	-12.99
20171110180556	0.50	761.30	-12.99
20171110180557	0.60	761.30	-12.99
20171110180558	0.60	761.30	-13.00
20171110180559	0.60	761.40	-13.00
20171110180600	0.60	761.40	-13.00
20171110180601	0.60	761.40	-13.00
20171110180602	0.60	761.30	-13.00
20171110180603	0.60	761.30	-12.99
20171110180604	0.60	761.40	-12.99
20171110180605	0.60	761.40	-13.00
20171110180606	0.60	761.30	-13.00
20171110180607	0.60	761.30	-12.99
20171110180608	0.60	761.30	-12.99
20171110180609	0.60	761.30	-12.99
20171110180610	0.60	761.40	-12.99
20171110180611	0.60	761.40	-13.00
20171110180612	0.60	761.30	-13.00
20171110180613	0.60	761.30	-13.00
20171110180614	0.60	761.30	-12.98
20171110180615	0.60	761.30	-12.98
20171110180616	0.60	761.30	-12.98
20171110180617	0.60	761.30	-12.98
20171110180619	0.60	761.30	-12.98
20171110180620	0.60	761.30	-12.98
20171110180621	0.60	761.30	-12.98
20171110180625	0.60	761.40	-12.98
20171110180626	0.60	761.30	-12.98
20171110180627	0.60	761.30	-12.98
20171110180630	0.60	761.30	-12.98
20171110180631	0.60	761.30	-12.98
20171110180632	0.60	761.30	-12.98
20171110180637	0.60	761.30	-12.98
20171110180638	0.60	761.40	-12.98
20171110180639	0.60	761.40	-12.98
20171110180648	0.60	761.30	-12.98
20171110180649	0.60	761.40	-12.99
20171110180650	0.60	761.40	-12.98
20171110180654	0.60	761.30	-12.98
20171110180659	0.60	761.30	-12.98
20171110180700	0.60	761.40	-12.98
20171110180701	0.60	761.40	-12.97
20171110180702	0.60	761.40	-12.97
20171110180703	0.60	761.40	-12.98
20171110180704	0.60	761.40	-12.98
20171110180705	0.60	761.40	-12.97
20171110180706	0.60	761.40	-12.97
20171110180707	0.60	761.40	-12.98
20171110180708	0.60	761.40	-12.98
20171110180724	0.60	761.30	-12.97
20171110180725	0.60	761.30	-12.97
20171110180726	0.60	761.30	-12.97
20171110180727	0.60	761.40	-12.97
20171110180728	0.60	761.40	-12.97
20171110180729	0.60	761.40	-12.97
20171110180730	0.60	761.40	-12.97
20171110180731	0.50	761.30	-12.97
20171110180732	0.50	761.30	-12.97
20171110180733	0.60	761.40	-12.97
20171110180734	0.60	761.40	-12.97
20171110180735	0.60	761.40	-12.97
20171110180736	0.60	761.40	-12.97
20171110180737	0.60	761.40	-12.97
20171110180738	0.60	761.40	-12.97
20171110180743	0.60	761.40	-12.97
20171110180744	0.60	761.30	-12.97
20171110180745	0.60	761.30	-12.97
20171110180746	0.50	761.40	-12.97
20171110180749	0.50	761.40	-12.97
20171110180750	0.50	761.30	-12.97
20171110180751	0.50	761.30	-12.97
20171110180752	0.60	761.40	-12.97
20171110180753	0.60	761.40	-12.97
20171110180754	0.60	761.40	-12.97
20171110180755	0.60	761.40	-12.97
20171110180756	0.60	761.30	-12.97
20171110180757	0.50	761.30	-12.97
20171110180758	0.50	761.30	-12.97
20171110180759	0.50	761.30	-12.96
20171110180800	0.50	761.30	-12.96
20171110180801	0.60	761.40	-12.96
20171110180802	0.60	761.40	-12.96
20171110180803	0.60	761.40	-12.96
20171110180817	0.60	761.40	-12.98
20171110180818	0.60	761.40	-12.98
20171110180819	0.60	761.40	-12.98
20171110180820	0.60	761.40	-12.97
20171110180821	0.60	761.40	-12.97
20171110180822	0.60	761.40	-12.98
20171110180823	0.60	761.40	-12.98
20171110180824	0.60	761.40	-12.97
20171110180825	0.60	761.50	-12.97
20171110180826	0.60	761.50	-12.97
20171110180832	0.60	761.40	-12.97
20171110180833	0.60	761.40	-12.97
20171110180834	0.60	761.40	-12.97
20171110180837	0.60	761.40	-12.97
20171110180838	0.60	761.30	-12.97
20171110180839	0.60	761.30	-12.97
20171110180840	0.60	761.30	-12.97
20171110180841	0.60	761.40	-12.97
20171110180842	0.60	761.40	-12.97
20171110180843	0.60	761.40	-12.97
20171110180844	0.60	761.40	-12.97
20171110180845	0.60	761.40	-12.97
20171110180846	0.60	761.40	-12.97
20171110180847	0.60	761.40	-12.97
20171110180848	0.60	761.40	-12.98
20171110180849	0.60	761.40	-12.98
20171110180850	0.60	761.40	-12.98
20171110180851	0.60	761.40	-12.98
20171110180852	0.60	761.40	-12.98
20171110180853	0.60	761.40	-12.98
