20180116211357	0.00	0.00	0.00	0.00
20180116211358	0.00	0.00	0.00	0.00
20180116211359	0.00	0.00	0.00	0.00
20180116211400	0.00	0.00	0.00	0.00
20180116211401	0.00	0.00	0.00	0.00
20180116211402	0.00	0.00	0.00	0.00
20180116211403	0.00	0.00	0.00	0.00
20180116211404	0.00	0.00	0.00	0.00
20180116211405	0.00	0.00	0.00	0.00
20180116211406	0.00	0.00	0.00	0.00
20180116211407	0.00	0.00	0.00	0.00
20180116211408	0.00	0.00	0.00	0.00
20180116211409	0.00	0.00	0.00	0.00
20180116211410	0.00	0.00	0.00	0.00
20180116211411	0.00	0.00	0.00	0.00
20180116211412	0.00	0.00	0.00	0.00
20180116211413	0.00	0.00	0.00	0.00
20180116211414	0.00	0.00	0.00	0.00
20180116211415	0.00	0.00	0.00	0.00
20180116211416	0.00	0.00	0.00	0.00
20180116211417	0.00	0.00	0.00	0.00
20180116211418	0.00	0.00	0.00	0.00
20180116211419	0.00	0.00	0.00	0.00
20180116211420	0.00	0.00	0.00	0.00
20180116211421	0.00	0.00	0.00	0.00
20180116211422	0.00	0.00	0.00	0.00
20180116211423	0.00	0.00	0.00	0.00
20180116211424	0.00	0.00	0.00	0.00
20180116211425	0.00	0.00	0.00	0.00
20180116211426	0.00	0.00	0.00	0.00
20180116211427	0.00	0.00	0.00	0.00
20180116211428	0.00	0.00	0.00	0.00
20180116211429	0.00	0.00	0.00	0.00
20180116211430	0.00	0.00	0.00	0.00
20180116211431	0.00	0.00	0.00	0.00
20180116211432	0.00	0.00	0.00	0.00
20180116211433	0.00	0.00	0.00	0.00
20180116211434	0.00	0.00	0.00	0.00
20180116211435	0.00	0.00	0.00	0.00
20180116211436	0.00	0.00	0.00	0.00
20180116211437	0.00	0.00	0.00	0.00
20180116211438	0.00	0.00	0.00	0.00
20180116211439	0.00	0.00	0.00	0.00
20180116211440	0.00	0.00	0.00	0.00
20180116211441	0.00	0.00	0.00	0.00
20180116211442	0.00	0.00	0.00	0.00
20180116211443	0.00	0.00	0.00	0.00
20180116211444	0.00	0.00	0.00	0.00
20180116211445	0.00	0.00	0.00	0.00
20180116211446	0.00	0.00	0.00	0.00
20180116211447	0.00	0.00	0.00	0.00
20180116211448	0.00	0.00	0.00	0.00
20180116211449	0.00	0.00	0.00	0.00
20180116211450	0.00	0.00	0.00	0.00
20180116211451	0.00	0.00	0.00	0.00
20180116211452	0.00	0.00	0.00	0.00
20180116211453	0.00	0.00	0.00	0.00
20180116211454	0.00	0.00	0.00	0.00
20180116211455	0.00	0.00	0.00	0.00
20180116211456	0.00	0.00	0.00	0.00
20180116211457	0.00	0.00	0.00	0.00
20180116211458	0.00	0.00	0.00	0.00
20180116211459	0.00	0.00	0.00	0.00
20180116211500	0.00	0.00	0.00	0.00
20180116211501	0.00	0.00	0.00	0.00
20180116211502	0.00	0.00	0.00	0.00
20180116211503	0.00	0.00	0.00	0.00
20180116211504	0.00	0.00	0.00	0.00
20180116211505	0.00	0.00	0.00	0.00
20180116211506	0.00	0.00	0.00	0.00
20180116211507	0.00	0.00	0.00	0.00
20180116211508	0.00	0.00	0.00	0.00
20180116211509	0.00	0.00	0.00	0.00
20180116211510	0.00	0.00	0.00	0.00
20180116211511	0.00	0.00	0.00	0.00
20180116211512	0.00	0.00	0.00	0.00
20180116211513	0.00	0.00	0.00	0.00
20180116211514	0.00	0.00	0.00	0.00
20180116211515	0.00	0.00	0.00	0.00
20180116211516	0.00	0.00	0.00	0.00
20180116211517	0.00	0.00	0.00	0.00
20180116211518	0.00	0.00	0.00	0.00
20180116211519	0.00	0.00	0.00	0.00
20180116211520	0.00	0.00	0.00	0.00
20180116211521	0.00	0.00	0.00	0.00
20180116211522	0.00	0.00	0.00	0.00
20180116211523	0.00	0.00	0.00	0.00
20180116211524	0.00	0.00	0.00	0.00
20180116211525	0.00	0.00	0.00	0.00
20180116211526	0.00	0.00	0.00	0.00
20180116211527	0.00	0.00	0.00	0.00
20180116211528	0.00	0.00	0.00	0.00
20180116211529	0.00	0.00	0.00	0.00
20180116211530	0.00	0.00	0.00	0.00
20180116211531	0.00	0.00	0.00	0.00
20180116211532	0.00	0.00	0.00	0.00
20180116211533	0.00	0.00	0.00	0.00
20180116211534	0.00	0.00	0.00	0.00
20180116211535	0.00	0.00	0.00	0.00
20180116211536	0.00	0.00	0.00	0.00
20180116211537	0.00	0.00	0.00	0.00
20180116211538	0.00	0.00	0.00	0.00
20180116211539	0.00	0.00	0.00	0.00
20180116211540	0.00	0.00	0.00	0.00
20180116211541	0.00	0.00	0.00	0.00
20180116211542	0.00	0.00	0.00	0.00
20180116211543	0.00	0.00	0.00	0.00
20180116211544	0.00	0.00	0.00	0.00
20180116211545	0.00	0.00	0.00	0.00
20180116211546	0.00	0.00	0.00	0.00
20180116211547	0.00	0.00	0.00	0.00
20180116211548	0.00	0.00	0.00	0.00
20180116211549	0.00	0.00	0.00	0.00
20180116211550	0.00	0.00	0.00	0.00
20180116211551	0.00	0.00	0.00	0.00
20180116211552	0.00	0.00	0.00	0.00
20180116211553	0.00	0.00	0.00	0.00
20180116211554	0.00	0.00	0.00	0.00
20180116211555	0.00	0.00	0.00	0.00
20180116211556	0.00	0.00	0.00	0.00
20180116211557	0.00	0.00	0.00	0.00
20180116211558	0.00	0.00	0.00	0.00
20180116211559	0.00	0.00	0.00	0.00
20180116211600	0.00	0.00	0.00	0.00
20180116211601	0.00	0.00	0.00	0.00
20180116211602	0.00	0.00	0.00	0.00
20180116211603	0.00	0.00	0.00	0.00
20180116211604	0.00	0.00	0.00	0.00
20180116211605	0.00	0.00	0.00	0.00
20180116211606	0.00	0.00	0.00	0.00
20180116211607	0.00	0.00	0.00	0.00
20180116211608	0.00	0.00	0.00	0.00
20180116211609	0.00	0.00	0.00	0.00
20180116211610	0.00	0.00	0.00	0.00
20180116211611	0.00	0.00	0.00	0.00
20180116211612	0.00	0.00	0.00	0.00
20180116211613	0.00	0.00	0.00	0.00
20180116211614	0.00	0.00	0.00	0.00
20180116211615	0.00	0.00	0.00	0.00
20180116211616	0.00	0.00	0.00	0.00
20180116211617	0.00	0.00	0.00	0.00
20180116211618	0.00	0.00	0.00	0.00
20180116211619	0.00	0.00	0.00	0.00
20180116211620	0.00	0.00	0.00	0.00
20180116211621	0.00	0.00	0.00	0.00
20180116211622	0.00	0.00	0.00	0.00
20180116211623	0.00	0.00	0.00	0.00
20180116211624	0.00	0.00	0.00	0.00
20180116211625	0.00	0.00	0.00	0.00
20180116211626	0.00	0.00	0.00	0.00
