20180111171345	7.20	751.80	-9991.00	758.30
20180111171346	7.20	751.80	-9991.00	758.30
20180111171347	7.20	751.80	-9991.00	758.30
20180111171348	7.20	751.80	-9991.00	758.30
20180111171349	7.20	751.80	-9991.00	758.30
20180111171350	7.20	751.80	-9991.00	758.30
20180111171351	7.20	751.80	-9991.00	758.30
20180111171352	7.20	751.80	-9991.00	758.30
20180111171353	7.00	751.40	-9991.00	757.90
20180111171354	7.00	751.40	-9991.00	757.90
20180111171355	57.80	751.50	-9991.00	758.20
20180111171356	57.80	751.50	-9991.00	758.20
20180111171357	133.40	751.50	-9991.00	758.10
20180111171358	133.40	751.50	-9991.00	758.10
20180111171359	133.40	751.50	-9991.00	758.10
20180111171400	155.70	751.50	-9991.00	758.10
20180111171401	155.70	751.50	-9991.00	758.10
20180111171402	160.20	751.50	-9991.00	758.10
20180111171403	160.20	751.50	-9991.00	758.10
20180111171404	159.60	751.40	-9991.00	758.20
20180111171405	159.60	751.40	-9991.00	758.20
20180111171406	157.50	751.50	-9991.00	758.10
20180111171407	157.50	751.50	-9991.00	758.10
20180111171408	155.30	751.50	-9991.00	758.10
20180111171409	155.30	751.50	-9991.00	758.10
20180111171410	78.10	751.40	-9991.00	758.10
20180111171411	78.10	751.40	-9991.00	758.10
20180111171412	78.10	751.40	-9991.00	758.10
20180111171413	33.90	751.50	-9991.00	758.00
20180111171414	33.90	751.50	-9991.00	758.00
20180111171415	14.40	751.50	-9991.00	758.10
20180111171416	14.40	751.50	-9991.00	758.10
20180111171417	9.70	751.40	-9991.00	758.10
20180111171418	9.70	751.40	-9991.00	758.10
20180111171419	8.00	751.40	-9991.00	758.10
20180111171420	8.00	751.40	-9991.00	758.10
20180111171421	7.40	751.50	-9991.00	758.10
20180111171422	7.40	751.50	-9991.00	758.10
20180111171423	7.10	751.40	-9991.00	758.10
20180111171424	7.10	751.40	-9991.00	758.10
20180111171425	6.90	751.50	-9991.00	758.00
20180111171426	6.90	751.50	-9991.00	758.00
20180111171427	6.90	751.40	-9991.00	758.10
20180111171428	6.90	751.40	-9991.00	758.10
20180111171429	57.70	751.50	-9991.00	758.10
20180111171430	57.70	751.50	-9991.00	758.10
20180111171431	131.10	751.40	-9991.00	758.20
20180111171432	131.10	751.40	-9991.00	758.20
20180111171433	131.10	751.40	-9991.00	758.20
20180111171434	148.20	751.50	-9991.00	758.20
20180111171435	148.20	751.50	-9991.00	758.20
20180111171436	150.00	751.50	-9991.00	758.10
20180111171437	150.00	751.50	-9991.00	758.10
20180111171438	152.40	751.50	-9991.00	758.10
20180111171439	152.40	751.50	-9991.00	758.10
20180111171440	152.00	751.40	-9991.00	758.10
20180111171441	152.00	751.40	-9991.00	758.10
20180111171442	150.60	751.60	-9991.00	758.20
20180111171443	150.60	751.60	-9991.00	758.20
20180111171444	149.30	751.50	-9991.00	758.10
20180111171445	149.30	751.50	-9991.00	758.10
20180111171446	149.30	751.50	-9991.00	758.10
20180111171447	147.50	751.40	-9991.00	758.00
20180111171448	147.50	751.40	-9991.00	758.00
20180111171449	60.00	751.50	-9991.00	758.00
20180111171450	60.00	751.50	-9991.00	758.00
20180111171451	26.20	751.50	-9991.00	758.00
20180111171452	26.20	751.50	-9991.00	758.00
20180111171453	14.10	751.40	-9991.00	758.00
20180111171454	14.10	751.40	-9991.00	758.00
20180111171455	9.70	751.40	-9991.00	758.00
20180111171456	9.70	751.40	-9991.00	758.00
20180111171457	9.70	751.40	-9991.00	758.00
20180111171458	7.70	751.50	-9991.00	758.00
20180111171459	7.70	751.50	-9991.00	758.00
20180111171500	7.10	751.50	-9991.00	757.90
20180111171501	7.10	751.50	-9991.00	757.90
20180111171502	6.90	751.50	-9991.00	757.90
20180111171503	6.90	751.50	-9991.00	757.90
20180111171504	6.90	751.50	-9991.00	757.90
20180111171505	6.90	751.50	-9991.00	757.90
20180111171506	6.90	751.50	-9991.00	758.00
20180111171507	6.90	751.50	-9991.00	758.00
20180111171508	7.00	751.40	-9991.00	758.00
20180111171509	7.00	751.40	-9991.00	758.00
20180111171510	6.90	751.50	-9991.00	758.00
20180111171511	6.90	751.50	-9991.00	758.00
20180111171512	6.90	751.40	-9991.00	758.00
20180111171513	6.90	751.40	-9991.00	758.00
20180111171514	7.00	751.50	-9991.00	758.00
20180111171515	7.00	751.50	-9991.00	758.00
20180111171516	7.00	751.50	-9991.00	758.00
20180111171517	6.90	751.50	-9991.00	758.00
20180111171518	6.90	751.50	-9991.00	758.00
20180111171519	6.90	751.50	-9991.00	758.00
20180111171520	6.90	751.50	-9991.00	758.00
20180111171521	6.90	751.50	-9991.00	758.00
20180111171522	6.90	751.50	-9991.00	758.00
20180111171523	6.90	751.40	-9991.00	757.90
20180111171524	6.90	751.40	-9991.00	757.90
20180111171525	6.90	751.50	-9991.00	757.90
20180111171526	6.90	751.50	-9991.00	757.90
20180111171527	7.00	751.60	-9991.00	758.00
20180111171528	7.00	751.60	-9991.00	758.00
20180111171529	6.90	751.50	-9991.00	758.00
20180111171530	6.90	751.50	-9991.00	758.00
20180111171531	6.90	751.50	-9991.00	758.00
20180111171532	6.90	751.50	-9991.00	758.00
20180111171533	6.90	751.50	-9991.00	758.00
20180111171534	7.00	751.50	-9991.00	758.00
20180111171535	7.00	751.50	-9991.00	758.00
20180111171536	6.90	751.40	-9991.00	758.00
20180111171537	6.90	751.40	-9991.00	758.00
20180111171538	6.90	751.40	-9991.00	758.00
20180111171539	6.90	751.40	-9991.00	758.00
20180111171540	6.90	751.40	-9991.00	758.00
20180111171541	6.90	751.40	-9991.00	758.00
20180111171542	6.90	751.50	-9991.00	758.00
20180111171543	6.90	751.50	-9991.00	758.00
20180111171544	7.00	751.40	-9991.00	758.00
20180111171545	7.00	751.40	-9991.00	758.00
20180111171546	7.00	751.40	-9991.00	758.00
20180111171547	6.90	751.40	-9991.00	758.00
20180111171548	6.90	751.40	-9991.00	758.00
20180111171549	6.90	751.40	-9991.00	757.90
20180111171550	6.90	751.40	-9991.00	757.90
20180111171551	6.90	751.40	-9991.00	758.00
20180111171552	6.90	751.40	-9991.00	758.00
20180111171553	7.00	751.40	-9991.00	758.00
20180111171554	7.00	751.40	-9991.00	758.00
20180111171555	7.00	751.50	-9991.00	758.00
20180111171556	7.00	751.50	-9991.00	758.00
20180111171557	7.00	751.50	-9991.00	758.00
20180111171558	7.00	751.50	-9991.00	758.00
20180111171559	7.00	751.50	-9991.00	758.00
20180111171600	6.90	751.50	-9991.00	758.00
20180111171601	6.90	751.50	-9991.00	758.00
20180111171602	6.90	751.50	-9991.00	758.00
20180111171603	6.90	751.50	-9991.00	758.00
20180111171604	6.90	751.50	-9991.00	758.00
20180111171605	6.90	751.50	-9991.00	758.00
20180111171606	6.90	751.50	-9991.00	757.90
20180111171607	6.90	751.50	-9991.00	757.90
20180111171608	7.00	751.50	-9991.00	758.00
20180111171609	7.00	751.50	-9991.00	758.00
20180111171610	6.90	751.50	-9991.00	758.00
20180111171611	6.90	751.50	-9991.00	758.00
20180111171612	6.90	751.50	-9991.00	758.00
20180111171613	6.90	751.50	-9991.00	758.00
20180111171614	6.90	751.40	-9991.00	758.00
20180111171615	6.90	751.40	-9991.00	758.00
20180111171616	6.90	751.50	-9991.00	758.00
20180111171617	6.90	751.50	-9991.00	758.00
20180111171618	6.90	751.40	-9991.00	757.90
20180111171619	6.90	751.40	-9991.00	757.90
20180111171620	6.90	751.40	-9991.00	757.90
20180111171621	6.90	751.40	-9991.00	758.00
20180111171622	6.90	751.40	-9991.00	758.00
20180111171623	6.90	751.50	-9991.00	758.00
20180111171624	6.90	751.50	-9991.00	758.00
20180111171625	6.90	751.40	-9991.00	758.00
20180111171626	6.90	751.40	-9991.00	758.00
20180111171627	6.90	751.50	-9991.00	757.90
20180111171628	6.90	751.50	-9991.00	757.90
20180111171629	7.00	751.40	-9991.00	758.00
20180111171630	7.00	751.40	-9991.00	758.00
20180111171631	7.00	751.50	-9991.00	758.00
20180111171632	7.00	751.50	-9991.00	758.00
20180111171633	7.00	751.50	-9991.00	758.00
20180111171634	7.00	751.50	-9991.00	758.00
20180111171635	7.00	751.50	-9991.00	758.00
20180111171636	6.90	751.40	-9991.00	758.00
20180111171637	6.90	751.40	-9991.00	758.00
20180111171638	6.90	751.40	-9991.00	758.00
20180111171639	6.90	751.40	-9991.00	758.00
20180111171640	6.90	751.50	-9991.00	758.00
20180111171641	6.90	751.50	-9991.00	758.00
20180111171642	6.90	751.50	-9991.00	758.00
20180111171643	7.00	751.50	-9991.00	758.10
20180111171644	7.00	751.50	-9991.00	758.10
20180111171645	6.90	751.40	-9991.00	758.00
20180111171646	6.90	751.40	-9991.00	758.00
20180111171647	6.90	751.40	-9991.00	758.00
20180111171648	6.90	751.40	-9991.00	758.00
20180111171649	6.90	751.40	-9991.00	758.00
20180111171650	6.90	751.40	-9991.00	758.00
20180111171651	7.00	751.40	-9991.00	758.00
20180111171652	7.00	751.40	-9991.00	758.00
20180111171653	6.90	751.30	-9991.00	758.00
20180111171654	6.90	751.30	-9991.00	758.00
20180111171655	6.90	751.40	-9991.00	757.90
20180111171656	6.90	751.40	-9991.00	757.90
20180111171657	7.00	751.40	-9991.00	758.00
20180111171658	7.00	751.40	-9991.00	758.00
20180111171659	6.90	751.30	-9991.00	758.00
20180111171700	6.90	751.30	-9991.00	758.00
20180111171701	6.90	751.50	-9991.00	757.90
20180111171702	6.90	751.50	-9991.00	757.90
20180111171703	6.90	751.50	-9991.00	757.90
20180111171704	6.90	751.50	-9991.00	758.00
20180111171705	6.90	751.50	-9991.00	758.00
20180111171706	6.90	751.50	-9991.00	758.00
20180111171707	6.90	751.50	-9991.00	758.00
20180111171708	6.90	751.40	-9991.00	757.90
20180111171709	6.90	751.40	-9991.00	757.90
20180111171710	7.00	751.50	-9991.00	757.90
20180111171711	7.00	751.50	-9991.00	757.90
20180111171712	6.90	751.40	-9991.00	757.90
20180111171713	6.90	751.40	-9991.00	757.90
20180111171714	7.00	751.40	-9991.00	758.00
20180111171715	7.00	751.40	-9991.00	758.00
20180111171716	7.00	751.40	-9991.00	757.90
20180111171717	7.00	751.40	-9991.00	757.90
20180111171718	6.90	751.40	-9991.00	757.90
20180111171719	6.90	751.40	-9991.00	757.90
20180111171720	7.00	751.40	-9991.00	757.90
20180111171721	7.00	751.40	-9991.00	757.90
20180111171722	7.00	751.40	-9991.00	757.90
20180111171723	7.00	751.30	-9991.00	758.00
20180111171724	7.00	751.30	-9991.00	758.00
20180111171725	6.90	751.40	-9991.00	758.00
20180111171726	6.90	751.40	-9991.00	758.00
20180111171727	6.90	751.40	-9991.00	757.90
20180111171728	6.90	751.40	-9991.00	757.90
20180111171729	7.00	751.30	-9991.00	757.90
20180111171730	7.00	751.30	-9991.00	757.90
20180111171731	6.90	751.40	-9991.00	757.90
20180111171732	6.90	751.40	-9991.00	757.90
20180111171733	6.90	751.40	-9991.00	757.90
20180111171734	6.90	751.40	-9991.00	758.00
20180111171735	6.90	751.40	-9991.00	758.00
20180111171736	7.00	751.50	-9991.00	757.90
20180111171737	7.00	751.50	-9991.00	757.90
20180111171738	6.90	751.50	-9991.00	758.00
20180111171739	6.90	751.50	-9991.00	758.00
20180111171740	6.90	751.40	-9991.00	757.90
20180111171741	6.90	751.40	-9991.00	757.90
20180111171742	6.90	751.50	-9991.00	758.00
20180111171743	6.90	751.50	-9991.00	758.00
20180111171744	7.00	751.40	-9991.00	757.90
20180111171745	7.00	751.40	-9991.00	757.90
20180111171746	7.00	751.40	-9991.00	757.90
20180111171747	7.00	751.50	-9991.00	757.90
20180111171748	7.00	751.50	-9991.00	757.90
20180111171749	6.90	751.50	-9991.00	757.90
20180111171750	6.90	751.50	-9991.00	757.90
20180111171751	6.90	751.40	-9991.00	757.90
20180111171752	6.90	751.40	-9991.00	757.90
20180111171753	6.90	751.50	-9991.00	757.90
20180111171754	6.90	751.50	-9991.00	757.90
20180111171755	6.90	751.40	-9991.00	757.90
20180111171756	6.90	751.40	-9991.00	757.90
20180111171757	6.90	751.50	-9991.00	757.90
20180111171758	6.90	751.50	-9991.00	757.90
20180111171759	6.90	751.40	-9991.00	757.90
20180111171800	6.90	751.40	-9991.00	757.90
20180111171801	6.90	751.40	-9991.00	758.00
20180111171802	6.90	751.40	-9991.00	758.00
20180111171803	6.90	751.40	-9991.00	757.90
20180111171804	6.90	751.40	-9991.00	757.90
20180111171805	6.90	751.40	-9991.00	757.90
20180111171806	6.90	751.40	-9991.00	757.90
20180111171807	6.90	751.40	-9991.00	757.90
20180111171808	6.80	751.40	-9991.00	757.90
20180111171809	6.80	751.40	-9991.00	757.90
20180111171810	6.90	751.40	-9991.00	757.90
20180111171811	6.90	751.40	-9991.00	757.90
20180111171812	7.00	751.40	-9991.00	757.90
20180111171813	7.00	751.40	-9991.00	757.90
20180111171814	6.90	751.40	-9991.00	757.90
20180111171815	6.90	751.40	-9991.00	757.90
20180111171816	6.90	751.40	-9991.00	758.00
20180111171817	6.90	751.40	-9991.00	758.00
20180111171818	7.00	751.40	-9991.00	758.10
20180111171819	7.00	751.40	-9991.00	758.10
20180111171820	7.00	751.40	-9991.00	758.10
20180111171821	62.70	751.40	-9991.00	758.10
20180111171822	62.70	751.40	-9991.00	758.10
20180111171823	75.60	751.40	-9991.00	758.10
20180111171824	75.60	751.40	-9991.00	758.10
20180111171825	77.00	751.40	-9991.00	758.00
20180111171826	77.00	751.40	-9991.00	758.00
20180111171827	75.30	751.40	-9991.00	758.10
20180111171828	75.30	751.40	-9991.00	758.10
20180111171829	75.30	751.40	-9991.00	758.10
20180111171830	72.90	751.50	-9991.00	758.00
20180111171831	72.90	751.50	-9991.00	758.00
20180111171832	70.20	751.50	-9991.00	757.90
20180111171833	70.20	751.50	-9991.00	757.90
20180111171834	30.50	751.40	-9991.00	757.90
20180111171835	30.50	751.40	-9991.00	757.90
20180111171836	15.70	751.40	-9991.00	757.90
20180111171837	15.70	751.40	-9991.00	757.90
20180111171838	10.20	751.40	-9991.00	757.90
20180111171839	10.20	751.40	-9991.00	757.90
20180111171840	8.10	751.30	-9991.00	757.90
20180111171841	8.10	751.30	-9991.00	757.90
20180111171842	7.30	751.40	-9991.00	757.90
20180111171843	7.30	751.40	-9991.00	757.90
20180111171844	7.10	751.40	-9991.00	757.90
20180111171845	7.10	751.40	-9991.00	757.90
20180111171846	6.90	751.40	-9991.00	757.90
20180111171847	6.90	751.40	-9991.00	757.90
20180111171848	6.90	751.40	-9991.00	757.90
20180111171849	6.90	751.40	-9991.00	757.90
20180111171850	6.90	751.40	-9991.00	757.90
20180111171851	7.00	751.40	-9991.00	757.90
20180111171852	7.00	751.40	-9991.00	757.90
20180111171853	7.00	751.50	-9991.00	758.00
20180111171854	7.00	751.50	-9991.00	758.00
20180111171855	6.90	751.50	-9991.00	758.00
20180111171856	6.90	751.50	-9991.00	758.00
20180111171857	6.90	751.40	-9991.00	757.90
20180111171858	6.90	751.40	-9991.00	757.90
20180111171859	7.00	751.50	-9991.00	757.90
20180111171900	7.00	751.50	-9991.00	757.90
20180111171901	7.00	751.50	-9991.00	757.90
20180111171902	6.90	751.40	-9991.00	757.90
20180111171903	6.90	751.40	-9991.00	757.90
20180111171904	6.90	751.40	-9991.00	758.00
20180111171905	6.90	751.40	-9991.00	758.00
20180111171906	6.90	751.50	-9991.00	757.90
20180111171907	6.90	751.50	-9991.00	757.90
20180111171908	7.00	751.50	-9991.00	757.90
20180111171909	7.00	751.50	-9991.00	757.90
20180111171910	7.00	751.40	-9991.00	757.90
20180111171911	7.00	751.40	-9991.00	757.90
20180111171912	7.00	751.40	-9991.00	757.90
20180111171913	6.90	751.40	-9991.00	757.90
20180111171914	6.90	751.40	-9991.00	757.90
20180111171915	7.00	751.50	-9991.00	758.00
20180111171916	7.00	751.50	-9991.00	758.00
20180111171917	6.90	751.50	-9991.00	757.90
20180111171918	6.90	751.50	-9991.00	757.90
20180111171919	6.90	751.50	-9991.00	758.00
20180111171920	6.90	751.50	-9991.00	758.00
20180111171921	7.00	751.50	-9991.00	758.00
20180111171922	7.00	751.50	-9991.00	758.00
20180111171923	6.90	751.40	-9991.00	758.00
20180111171924	6.90	751.40	-9991.00	758.00
20180111171925	6.90	751.50	-9991.00	758.00
20180111171926	6.90	751.50	-9991.00	758.00
20180111171927	6.90	751.40	-9991.00	758.00
20180111171928	6.90	751.40	-9991.00	758.00
20180111171929	6.90	751.50	-9991.00	757.90
20180111171930	6.90	751.50	-9991.00	757.90
20180111171931	7.00	751.40	-9991.00	758.00
20180111171932	7.00	751.40	-9991.00	758.00
20180111171933	7.00	751.40	-9991.00	758.00
20180111171934	6.90	751.50	-9991.00	758.00
20180111171935	6.90	751.50	-9991.00	758.00
20180111171936	6.90	751.50	-9991.00	757.90
20180111171937	6.90	751.50	-9991.00	757.90
20180111171938	6.80	751.40	-9991.00	757.90
20180111171939	6.80	751.40	-9991.00	757.90
20180111171940	8.50	751.40	-9991.00	757.90
20180111171941	8.50	751.40	-9991.00	757.90
20180111171942	9.70	751.50	-9991.00	757.90
20180111171943	9.70	751.50	-9991.00	757.90
20180111171944	9.70	751.50	-9991.00	757.90
20180111171945	7.70	751.40	-9991.00	758.00
20180111171946	7.70	751.40	-9991.00	758.00
20180111171947	6.00	751.50	-9991.00	757.90
20180111171948	6.00	751.50	-9991.00	757.90
20180111171949	4.80	751.50	-9991.00	757.90
20180111171950	4.80	751.50	-9991.00	757.90
20180111171951	4.60	751.40	-9991.00	757.90
20180111171952	4.60	751.40	-9991.00	757.90
20180111171953	5.00	751.40	-9991.00	757.90
20180111171954	5.00	751.40	-9991.00	757.90
20180111171955	5.00	751.40	-9991.00	757.90
20180111171956	5.40	751.50	-9991.00	758.00
20180111171957	5.40	751.50	-9991.00	758.00
20180111171958	5.60	751.50	-9991.00	757.90
20180111171959	5.60	751.50	-9991.00	757.90
20180111172000	5.80	751.40	-9991.00	757.90
20180111172001	5.80	751.40	-9991.00	757.90
20180111172002	5.80	751.40	-9991.00	757.90
20180111172003	5.80	751.40	-9991.00	757.90
20180111172004	5.80	751.50	-9991.00	757.90
20180111172005	5.80	751.50	-9991.00	757.90
20180111172006	6.00	751.40	-9991.00	757.90
20180111172007	6.00	751.40	-9991.00	757.90
20180111172008	6.00	751.40	-9991.00	757.90
20180111172009	6.00	751.40	-9991.00	757.90
20180111172010	6.00	751.40	-9991.00	758.10
20180111172011	6.00	751.40	-9991.00	758.10
20180111172012	6.50	751.50	-9991.00	758.10
20180111172013	6.50	751.50	-9991.00	758.10
20180111172014	6.50	751.50	-9991.00	758.00
20180111172015	6.50	751.50	-9991.00	758.00
20180111172016	6.50	751.50	-9991.00	758.00
20180111172017	6.60	751.50	-9991.00	758.00
20180111172018	6.60	751.50	-9991.00	758.00
20180111172019	6.50	751.40	-9991.00	758.00
20180111172020	6.50	751.40	-9991.00	758.00
20180111172021	6.70	751.40	-9991.00	758.00
20180111172022	6.70	751.40	-9991.00	758.00
20180111172023	7.20	751.40	-9991.00	758.00
20180111172024	7.20	751.40	-9991.00	758.00
20180111172025	10.50	751.40	-9991.00	758.00
20180111172026	10.50	751.40	-9991.00	758.00
20180111172027	10.50	751.40	-9991.00	758.00
20180111172028	14.70	751.40	-9991.00	758.10
20180111172029	14.70	751.40	-9991.00	758.10
20180111172030	15.10	751.40	-9991.00	758.00
20180111172031	15.10	751.40	-9991.00	758.00
20180111172032	12.80	751.50	-9991.00	758.10
20180111172033	12.80	751.50	-9991.00	758.10
20180111172034	10.70	751.40	-9991.00	758.00
20180111172035	10.70	751.40	-9991.00	758.00
20180111172036	9.50	751.40	-9991.00	758.10
20180111172037	9.50	751.40	-9991.00	758.10
20180111172038	9.50	751.40	-9991.00	758.10
20180111172039	54.80	751.50	-9991.00	758.00
20180111172040	54.80	751.50	-9991.00	758.00
20180111172041	75.00	751.50	-9991.00	758.10
20180111172042	75.00	751.50	-9991.00	758.10
20180111172043	75.00	751.50	-9991.00	757.90
20180111172044	75.00	751.50	-9991.00	757.90
20180111172045	35.00	751.40	-9991.00	757.90
20180111172046	35.00	751.40	-9991.00	757.90
20180111172047	17.70	751.40	-9991.00	758.00
20180111172048	17.70	751.40	-9991.00	758.00
20180111172049	11.40	751.40	-9991.00	757.90
20180111172050	11.40	751.40	-9991.00	757.90
20180111172051	9.10	751.40	-9991.00	757.90
20180111172052	9.10	751.40	-9991.00	757.90
