20180108181154	5.40	751.20	-9991.00	757.00
20180108181155	5.40	751.20	-9991.00	757.00
20180108181156	5.40	751.20	-9991.00	757.00
20180108181157	5.40	751.20	-9991.00	757.00
20180108181158	5.40	751.20	-9991.00	757.00
20180108181159	5.40	751.20	-9991.00	757.00
20180108181200	5.40	751.20	-9991.00	757.00
20180108181201	5.40	751.30	-9991.00	757.00
20180108181202	5.40	751.30	-9991.00	757.00
20180108181203	5.40	751.20	-9991.00	757.00
20180108181204	5.40	751.20	-9991.00	757.00
20180108181205	5.40	751.20	-9991.00	757.00
20180108181206	5.60	751.20	-9991.00	757.00
20180108181207	5.60	751.20	-9991.00	757.00
20180108181208	5.60	751.30	-9991.00	757.00
20180108181209	5.60	751.30	-9991.00	757.00
20180108181210	5.60	751.20	-9991.00	756.90
20180108181211	5.60	751.20	-9991.00	756.90
20180108181212	5.60	751.20	-9991.00	756.90
20180108181213	5.40	751.20	-9991.00	756.90
20180108181214	5.40	751.20	-9991.00	756.90
20180108181215	5.30	751.30	-9991.00	756.90
20180108181216	5.30	751.30	-9991.00	756.90
20180108181217	5.30	751.30	-9991.00	756.90
20180108181218	5.60	751.30	-9991.00	756.90
20180108181219	5.60	751.30	-9991.00	756.90
20180108181220	5.60	751.30	-9991.00	757.00
20180108181221	5.60	751.30	-9991.00	757.00
20180108181222	5.60	751.30	-9991.00	757.00
20180108181223	5.40	751.20	-9991.00	757.00
20180108181224	5.40	751.20	-9991.00	757.00
20180108181225	5.40	751.20	-9991.00	757.00
20180108181226	5.40	751.20	-9991.00	756.90
20180108181227	5.40	751.20	-9991.00	756.90
20180108181228	5.60	751.30	-9991.00	756.90
20180108181229	5.60	751.30	-9991.00	756.90
20180108181230	5.60	751.30	-9991.00	756.90
20180108181231	5.40	751.20	-9991.00	757.00
20180108181232	5.40	751.20	-9991.00	757.00
20180108181233	5.40	751.20	-9991.00	757.00
20180108181234	5.40	751.20	-9991.00	757.00
20180108181235	5.40	751.20	-9991.00	757.00
20180108181236	5.40	751.10	-9991.00	757.00
20180108181237	5.40	751.10	-9991.00	757.00
20180108181238	5.40	751.30	-9991.00	757.00
20180108181239	5.40	751.30	-9991.00	757.00
20180108181240	5.40	751.30	-9991.00	757.00
20180108181241	5.40	751.30	-9991.00	757.00
20180108181242	5.40	751.30	-9991.00	757.00
20180108181243	5.30	751.20	-9991.00	757.00
20180108181244	5.30	751.20	-9991.00	757.00
20180108181245	5.30	751.20	-9991.00	757.00
20180108181246	5.40	751.20	-9991.00	757.00
20180108181247	5.40	751.20	-9991.00	757.00
20180108181248	5.30	751.20	-9991.00	757.00
20180108181249	5.30	751.20	-9991.00	757.00
20180108181250	5.30	751.20	-9991.00	757.00
20180108181251	5.40	751.30	-9991.00	757.00
20180108181252	5.40	751.30	-9991.00	757.00
20180108181253	5.40	751.30	-9991.00	756.90
20180108181254	5.40	751.30	-9991.00	756.90
20180108181255	5.40	751.30	-9991.00	756.90
20180108181256	5.30	751.20	-9991.00	756.90
20180108181257	5.30	751.20	-9991.00	756.90
20180108181258	5.40	751.30	-9991.00	757.00
20180108181259	5.40	751.30	-9991.00	757.00
20180108181300	5.40	751.30	-9991.00	757.00
20180108181301	5.60	751.30	-9991.00	756.90
20180108181302	5.60	751.30	-9991.00	756.90
20180108181303	5.50	751.30	-9991.00	756.90
20180108181304	5.50	751.30	-9991.00	756.90
20180108181305	5.50	751.30	-9991.00	756.90
20180108181306	5.40	751.30	-9991.00	757.00
20180108181307	5.40	751.30	-9991.00	757.00
20180108181308	5.50	751.30	-9991.00	756.90
20180108181309	5.50	751.30	-9991.00	756.90
20180108181310	5.50	751.30	-9991.00	756.90
20180108181311	5.40	751.10	-9991.00	756.90
20180108181312	5.40	751.10	-9991.00	756.90
20180108181313	5.40	751.20	-9991.00	757.00
20180108181314	5.40	751.20	-9991.00	757.00
20180108181315	5.40	751.20	-9991.00	757.00
20180108181316	5.40	751.20	-9991.00	757.00
20180108181317	5.40	751.20	-9991.00	757.00
20180108181318	5.40	751.20	-9991.00	757.00
20180108181319	5.40	751.20	-9991.00	757.00
20180108181320	5.40	751.20	-9991.00	757.00
20180108181321	5.40	751.20	-9991.00	756.90
20180108181322	5.40	751.20	-9991.00	756.90
20180108181323	5.40	751.20	-9991.00	756.90
20180108181324	5.40	751.30	-9991.00	756.90
20180108181325	5.40	751.30	-9991.00	756.90
20180108181326	5.40	751.20	-9991.00	757.00
20180108181327	5.40	751.20	-9991.00	757.00
20180108181328	5.40	751.20	-9991.00	757.00
20180108181329	5.40	751.20	-9991.00	756.90
20180108181330	5.40	751.20	-9991.00	756.90
20180108181331	5.40	751.20	-9991.00	756.90
20180108181332	5.40	751.20	-9991.00	756.90
20180108181333	5.40	751.20	-9991.00	756.90
20180108181334	5.40	751.20	-9991.00	756.90
20180108181335	5.40	751.20	-9991.00	756.90
20180108181336	5.40	751.20	-9991.00	756.90
20180108181337	5.40	751.20	-9991.00	756.90
20180108181338	5.40	751.20	-9991.00	756.90
20180108181339	5.40	751.20	-9991.00	757.00
20180108181340	5.40	751.20	-9991.00	757.00
20180108181341	5.40	751.20	-9991.00	757.00
20180108181342	5.40	751.20	-9991.00	756.90
20180108181343	5.40	751.20	-9991.00	756.90
20180108181344	5.40	751.20	-9991.00	757.00
20180108181345	5.40	751.20	-9991.00	757.00
20180108181346	5.40	751.20	-9991.00	757.00
20180108181347	5.30	751.20	-9991.00	756.90
20180108181348	5.30	751.20	-9991.00	756.90
20180108181349	5.40	751.20	-9991.00	757.00
20180108181350	5.40	751.20	-9991.00	757.00
20180108181351	5.40	751.20	-9991.00	757.00
20180108181352	5.40	751.20	-9991.00	757.00
20180108181353	5.40	751.20	-9991.00	757.00
20180108181354	5.40	751.10	-9991.00	756.90
20180108181355	5.40	751.10	-9991.00	756.90
20180108181356	5.40	751.20	-9991.00	757.00
20180108181357	5.40	751.20	-9991.00	757.00
20180108181358	5.40	751.20	-9991.00	757.00
20180108181359	5.40	751.20	-9991.00	756.90
20180108181400	5.40	751.20	-9991.00	756.90
20180108181401	5.40	751.20	-9991.00	757.00
20180108181402	5.40	751.20	-9991.00	757.00
20180108181403	5.40	751.20	-9991.00	757.00
20180108181404	5.40	751.30	-9991.00	756.90
20180108181405	5.40	751.30	-9991.00	756.90
20180108181406	5.40	751.30	-9991.00	756.90
20180108181407	5.40	751.20	-9991.00	756.90
20180108181408	5.40	751.20	-9991.00	756.90
20180108181409	5.40	751.20	-9991.00	756.90
20180108181410	5.40	751.20	-9991.00	756.90
20180108181411	5.40	751.20	-9991.00	756.90
20180108181412	5.40	751.20	-9991.00	757.00
20180108181413	5.40	751.20	-9991.00	757.00
20180108181414	5.40	751.20	-9991.00	757.00
20180108181415	5.40	751.20	-9991.00	757.00
20180108181416	5.40	751.20	-9991.00	757.00
20180108181417	5.40	751.20	-9991.00	757.00
20180108181418	5.40	751.20	-9991.00	757.00
20180108181419	5.30	751.20	-9991.00	757.00
20180108181420	5.30	751.20	-9991.00	757.00
20180108181421	5.30	751.20	-9991.00	757.00
20180108181422	5.40	751.20	-9991.00	757.00
20180108181423	5.40	751.20	-9991.00	757.00
20180108181424	5.40	751.20	-9991.00	757.00
20180108181425	5.40	751.20	-9991.00	757.00
20180108181426	5.60	751.20	-9991.00	757.00
20180108181427	5.60	751.20	-9991.00	757.00
20180108181428	5.60	751.20	-9991.00	757.00
20180108181429	5.40	751.20	-9991.00	757.00
20180108181430	5.40	751.20	-9991.00	757.00
20180108181431	5.40	751.20	-9991.00	757.00
20180108181432	5.30	751.20	-9991.00	756.90
20180108181433	5.30	751.20	-9991.00	756.90
20180108181434	5.40	751.20	-9991.00	757.00
20180108181435	5.40	751.20	-9991.00	757.00
20180108181436	5.40	751.20	-9991.00	757.00
20180108181437	5.40	751.20	-9991.00	757.00
20180108181438	5.40	751.20	-9991.00	757.00
20180108181439	5.50	751.20	-9991.00	757.00
20180108181440	5.50	751.20	-9991.00	757.00
20180108181441	5.50	751.20	-9991.00	757.00
20180108181442	5.30	751.20	-9991.00	756.90
20180108181443	5.30	751.20	-9991.00	756.90
20180108181444	5.40	751.20	-9991.00	757.00
20180108181445	5.40	751.20	-9991.00	757.00
20180108181446	5.40	751.20	-9991.00	757.00
20180108181447	5.40	751.20	-9991.00	756.90
20180108181448	5.40	751.20	-9991.00	756.90
20180108181449	5.40	751.20	-9991.00	757.00
20180108181450	5.40	751.20	-9991.00	757.00
20180108181451	5.40	751.20	-9991.00	757.00
20180108181452	5.50	751.20	-9991.00	757.00
20180108181453	5.50	751.20	-9991.00	757.00
20180108181454	5.40	751.20	-9991.00	756.90
20180108181455	5.40	751.20	-9991.00	756.90
20180108181456	5.40	751.20	-9991.00	756.90
20180108181457	5.30	751.20	-9991.00	756.90
20180108181458	5.30	751.20	-9991.00	756.90
20180108181459	5.30	751.20	-9991.00	756.90
20180108181500	5.50	751.20	-9991.00	756.90
20180108181501	5.50	751.20	-9991.00	756.90
20180108181502	5.40	751.30	-9991.00	756.90
20180108181503	5.40	751.30	-9991.00	756.90
20180108181504	5.40	751.30	-9991.00	756.90
20180108181505	5.40	751.20	-9991.00	756.90
20180108181506	5.40	751.20	-9991.00	756.90
20180108181507	5.50	751.20	-9991.00	756.90
20180108181508	5.50	751.20	-9991.00	756.90
20180108181509	5.50	751.20	-9991.00	756.90
20180108181510	5.40	751.20	-9991.00	756.90
20180108181511	5.40	751.20	-9991.00	756.90
20180108181512	5.40	751.20	-9991.00	756.90
20180108181513	5.40	751.20	-9991.00	756.90
20180108181514	5.40	751.20	-9991.00	756.90
20180108181515	5.30	751.20	-9991.00	756.90
20180108181516	5.30	751.20	-9991.00	756.90
20180108181517	5.30	751.20	-9991.00	756.90
20180108181518	5.30	751.20	-9991.00	756.90
20180108181519	5.30	751.20	-9991.00	756.90
20180108181520	5.30	751.20	-9991.00	756.90
20180108181521	5.30	751.20	-9991.00	756.90
20180108181522	5.30	751.10	-9991.00	756.90
20180108181523	5.30	751.10	-9991.00	756.90
20180108181524	5.30	751.10	-9991.00	756.90
20180108181525	5.30	751.20	-9991.00	756.90
20180108181526	5.30	751.20	-9991.00	756.90
20180108181527	5.40	751.10	-9991.00	756.80
20180108181528	5.40	751.10	-9991.00	756.80
20180108181529	5.40	751.10	-9991.00	756.80
20180108181530	5.40	751.10	-9991.00	756.90
20180108181531	5.40	751.10	-9991.00	756.90
20180108181532	5.40	751.10	-9991.00	756.90
20180108181533	5.40	751.10	-9991.00	756.90
20180108181534	5.40	751.10	-9991.00	756.90
20180108181535	5.50	751.10	-9991.00	756.90
20180108181536	5.50	751.10	-9991.00	756.90
20180108181537	5.40	751.10	-9991.00	756.90
20180108181538	5.40	751.10	-9991.00	756.90
20180108181539	5.40	751.20	-9991.00	756.90
20180108181547	5.40	751.20	-9991.00	756.90
20180108181548	5.40	751.20	-9991.00	756.90
20180108181549	5.40	751.20	-9991.00	756.90
20180108181550	5.30	751.10	-9991.00	756.90
20180108181554	5.40	751.20	-9991.00	756.90
20180108181555	5.40	751.20	-9991.00	756.90
20180108181556	5.40	751.20	-9991.00	756.90
20180108181559	5.40	751.10	-9991.00	756.90
20180108181600	5.40	751.10	-9991.00	756.90
20180108181601	5.40	751.10	-9991.00	756.90
20180108181602	5.60	751.10	-9991.00	756.90
20180108181603	5.60	751.10	-9991.00	756.90
20180108181604	5.30	751.10	-9991.00	756.90
20180108181605	5.30	751.10	-9991.00	756.90
20180108181606	5.30	751.10	-9991.00	756.90
20180108181607	5.30	751.20	-9991.00	756.90
20180108181608	5.30	751.20	-9991.00	756.90
20180108181609	5.30	751.10	-9991.00	756.90
20180108181610	5.30	751.10	-9991.00	756.90
20180108181611	5.30	751.10	-9991.00	756.90
20180108181612	5.30	751.20	-9991.00	757.00
20180108181613	5.30	751.20	-9991.00	757.00
20180108181614	5.40	751.20	-9991.00	756.90
20180108181615	5.40	751.20	-9991.00	756.90
20180108181616	5.40	751.20	-9991.00	756.90
20180108181617	5.40	751.20	-9991.00	756.90
20180108181618	5.40	751.20	-9991.00	756.90
20180108181619	5.40	751.20	-9991.00	756.90
20180108181620	5.40	751.20	-9991.00	756.90
20180108181621	5.40	751.20	-9991.00	756.90
20180108181622	5.30	751.20	-9991.00	756.90
20180108181623	5.30	751.20	-9991.00	756.90
20180108181624	5.30	751.20	-9991.00	756.90
20180108181625	5.50	751.20	-9991.00	756.90
20180108181626	5.50	751.20	-9991.00	756.90
20180108181627	5.50	751.10	-9991.00	756.90
20180108181628	5.50	751.10	-9991.00	756.90
20180108181629	5.50	751.10	-9991.00	756.90
20180108181630	5.40	751.10	-9991.00	756.90
20180108181631	5.40	751.10	-9991.00	756.90
20180108181632	5.40	751.10	-9991.00	756.90
20180108181633	5.40	751.10	-9991.00	756.90
20180108181634	5.40	751.10	-9991.00	756.90
20180108181635	5.40	751.20	-9991.00	756.90
20180108181636	5.40	751.20	-9991.00	756.90
20180108181637	5.50	751.10	-9991.00	756.90
20180108181638	5.50	751.10	-9991.00	756.90
20180108181639	5.50	751.10	-9991.00	756.90
20180108181640	5.30	751.10	-9991.00	756.90
20180108181641	5.30	751.10	-9991.00	756.90
20180108181642	5.50	751.10	-9991.00	756.90
20180108181643	5.50	751.10	-9991.00	756.90
20180108181644	5.50	751.10	-9991.00	756.90
20180108181645	5.50	751.20	-9991.00	756.90
20180108181646	5.50	751.20	-9991.00	756.90
20180108181647	5.30	751.10	-9991.00	756.90
20180108181648	5.30	751.10	-9991.00	756.90
20180108181649	5.30	751.10	-9991.00	756.90
20180108181650	5.30	751.20	-9991.00	756.90
20180108181651	5.30	751.20	-9991.00	756.90
20180108181652	5.30	751.20	-9991.00	756.90
20180108181653	5.50	751.20	-9991.00	756.90
20180108181654	5.50	751.20	-9991.00	756.90
20180108181655	5.50	751.20	-9991.00	756.90
20180108181656	5.50	751.20	-9991.00	756.90
20180108181657	5.50	751.20	-9991.00	756.90
20180108181658	5.40	751.20	-9991.00	757.00
20180108181659	5.40	751.20	-9991.00	757.00
20180108181700	5.30	751.10	-9991.00	756.90
20180108181701	5.30	751.10	-9991.00	756.90
20180108181702	5.30	751.10	-9991.00	756.90
20180108181703	5.30	751.20	-9991.00	757.00
20180108181704	5.30	751.20	-9991.00	757.00
20180108181705	5.30	751.20	-9991.00	756.90
20180108181706	5.30	751.20	-9991.00	756.90
20180108181707	5.30	751.20	-9991.00	756.90
20180108181708	5.50	751.20	-9991.00	756.80
20180108181709	5.50	751.20	-9991.00	756.80
20180108181710	5.50	751.10	-9991.00	756.90
20180108181711	5.50	751.10	-9991.00	756.90
20180108181712	5.50	751.10	-9991.00	756.90
20180108181713	5.30	751.20	-9991.00	756.90
20180108181714	5.30	751.20	-9991.00	756.90
20180108181715	5.30	751.20	-9991.00	756.90
20180108181716	5.30	751.20	-9991.00	756.90
20180108181717	5.30	751.20	-9991.00	756.90
20180108181718	5.50	751.10	-9991.00	756.80
20180108181719	5.50	751.10	-9991.00	756.80
20180108181720	5.50	751.10	-9991.00	756.80
20180108181721	5.60	751.10	-9991.00	756.80
20180108181722	5.60	751.10	-9991.00	756.80
20180108181723	5.60	751.20	-9991.00	756.90
20180108181724	5.60	751.20	-9991.00	756.90
20180108181725	5.60	751.20	-9991.00	756.90
20180108181726	5.50	751.20	-9991.00	756.90
20180108181727	5.50	751.20	-9991.00	756.90
20180108181728	5.50	751.20	-9991.00	756.90
20180108181729	5.40	751.20	-9991.00	756.80
20180108181730	5.40	751.20	-9991.00	756.80
20180108181731	5.50	751.20	-9991.00	756.90
20180108181732	5.50	751.20	-9991.00	756.90
20180108181733	5.50	751.20	-9991.00	756.90
20180108181734	5.30	751.10	-9991.00	756.90
20180108181735	5.30	751.10	-9991.00	756.90
20180108181736	5.50	751.20	-9991.00	756.90
20180108181737	5.50	751.20	-9991.00	756.90
20180108181738	5.50	751.20	-9991.00	756.90
20180108181739	5.30	751.20	-9991.00	756.80
20180108181740	5.30	751.20	-9991.00	756.80
20180108181741	5.30	751.20	-9991.00	756.80
20180108181742	5.50	751.10	-9991.00	756.80
20180108181743	5.50	751.10	-9991.00	756.80
20180108181744	5.50	751.10	-9991.00	756.90
20180108181745	5.50	751.10	-9991.00	756.90
20180108181746	5.50	751.10	-9991.00	756.90
20180108181747	5.50	751.10	-9991.00	756.90
20180108181748	5.50	751.10	-9991.00	756.90
20180108181749	5.50	751.10	-9991.00	756.80
20180108181750	5.50	751.10	-9991.00	756.80
20180108181751	5.50	751.10	-9991.00	756.80
20180108181752	5.50	751.20	-9991.00	756.90
20180108181753	5.50	751.20	-9991.00	756.90
20180108181754	5.30	751.20	-9991.00	756.80
20180108181755	5.30	751.20	-9991.00	756.80
20180108181756	5.30	751.20	-9991.00	756.80
20180108181757	5.30	751.10	-9991.00	756.80
20180108181758	5.30	751.10	-9991.00	756.80
20180108181759	5.50	751.20	-9991.00	756.90
20180108181800	5.50	751.20	-9991.00	756.90
20180108181801	5.50	751.20	-9991.00	756.90
20180108181802	5.50	751.20	-9991.00	756.90
20180108181803	5.50	751.20	-9991.00	756.90
20180108181804	5.50	751.10	-9991.00	756.90
20180108181805	5.50	751.10	-9991.00	756.90
20180108181806	5.50	751.10	-9991.00	756.90
20180108181807	5.50	751.10	-9991.00	756.80
20180108181808	5.50	751.10	-9991.00	756.80
20180108181809	5.50	751.10	-9991.00	756.80
20180108181810	5.60	751.20	-9991.00	756.90
20180108181811	5.60	751.20	-9991.00	756.90
20180108181812	5.60	751.20	-9991.00	756.90
20180108181813	5.40	751.10	-9991.00	756.90
20180108181814	5.40	751.10	-9991.00	756.90
20180108181815	5.50	751.20	-9991.00	756.90
20180108181816	5.50	751.20	-9991.00	756.90
20180108181817	5.30	751.20	-9991.00	756.90
20180108181818	5.30	751.20	-9991.00	756.90
20180108181819	5.30	751.20	-9991.00	756.90
20180108181820	5.50	751.10	-9991.00	756.90
20180108181821	5.50	751.10	-9991.00	756.90
20180108181822	5.50	751.10	-9991.00	756.90
20180108181823	5.50	751.10	-9991.00	756.90
20180108181824	5.50	751.10	-9991.00	756.90
20180108181825	5.60	751.20	-9991.00	756.90
20180108181826	5.60	751.20	-9991.00	756.90
20180108181827	5.50	751.30	-9991.00	756.80
20180108181828	5.50	751.30	-9991.00	756.80
20180108181829	5.50	751.30	-9991.00	756.80
20180108181830	5.50	751.10	-9991.00	756.80
20180108181831	5.50	751.10	-9991.00	756.80
20180108181832	5.50	751.10	-9991.00	756.80
20180108181833	5.50	751.20	-9991.00	756.90
20180108181834	5.50	751.20	-9991.00	756.90
20180108181835	5.50	751.20	-9991.00	756.90
20180108181836	5.40	751.10	-9991.00	756.80
20180108181837	5.40	751.10	-9991.00	756.80
20180108181838	5.50	751.20	-9991.00	756.90
20180108181839	5.50	751.20	-9991.00	756.90
20180108181840	5.50	751.20	-9991.00	756.90
20180108181841	5.50	751.20	-9991.00	756.90
20180108181842	5.50	751.20	-9991.00	756.90
20180108181843	5.50	751.10	-9991.00	756.80
20180108181844	5.50	751.10	-9991.00	756.80
20180108181845	5.50	751.10	-9991.00	756.80
20180108181846	5.50	751.20	-9991.00	756.80
20180108181847	5.50	751.20	-9991.00	756.80
20180108181848	11.40	751.10	-9991.00	756.90
20180108181849	11.40	751.10	-9991.00	756.90
20180108181850	11.40	751.10	-9991.00	756.90
20180108181851	18.20	751.20	-9991.00	756.90
20180108181852	18.20	751.20	-9991.00	756.90
20180108181853	14.70	751.20	-9991.00	756.80
20180108181854	14.70	751.20	-9991.00	756.80
20180108181855	10.60	751.10	-9991.00	756.90
20180108181856	10.60	751.10	-9991.00	756.90
20180108181857	10.60	751.10	-9991.00	756.90
20180108181858	10.60	751.10	-9991.00	756.90
20180108181859	16.50	751.20	-9991.00	756.80
20180108181900	16.50	751.20	-9991.00	756.80
20180108181901	16.10	751.20	-9991.00	756.90
20180108181902	16.10	751.20	-9991.00	756.90
20180108181903	16.10	751.20	-9991.00	756.90
20180108181904	12.30	751.20	-9991.00	756.90
20180108181905	12.30	751.20	-9991.00	756.90
20180108181906	9.60	751.20	-9991.00	756.80
20180108181907	9.60	751.20	-9991.00	756.80
20180108181908	9.60	751.20	-9991.00	756.80
20180108181909	7.90	751.20	-9991.00	756.80
20180108181911	7.10	751.20	-9991.00	756.80
20180108181912	7.10	751.20	-9991.00	756.80
20180108181913	7.10	751.20	-9991.00	756.80
20180108181914	6.70	751.20	-9991.00	756.90
20180108181915	6.70	751.20	-9991.00	756.90
20180108181916	6.30	751.30	-9991.00	756.80
20180108181917	6.30	751.30	-9991.00	756.80
20180108181918	6.30	751.30	-9991.00	756.80
20180108181919	6.30	751.20	-9991.00	756.90
20180108181920	6.30	751.20	-9991.00	756.90
20180108181921	6.30	751.20	-9991.00	756.80
20180108181922	6.30	751.20	-9991.00	756.80
20180108181923	6.30	751.20	-9991.00	756.80
20180108181924	5.90	751.20	-9991.00	756.80
20180108181925	5.90	751.20	-9991.00	756.80
20180108181926	5.90	751.20	-9991.00	756.80
20180108181927	12.20	751.30	-9991.00	756.80
20180108181928	12.20	751.30	-9991.00	756.80
20180108181929	12.20	751.10	-9991.00	756.80
20180108181930	12.20	751.10	-9991.00	756.80
20180108181931	12.20	751.10	-9991.00	756.80
20180108181932	10.40	751.20	-9991.00	756.80
20180108181933	10.40	751.20	-9991.00	756.80
20180108181934	12.10	751.20	-9991.00	756.90
20180108181935	12.10	751.20	-9991.00	756.90
20180108181936	12.10	751.20	-9991.00	756.90
20180108181937	15.10	751.20	-9991.00	756.80
20180108181938	15.10	751.20	-9991.00	756.80
20180108181939	12.90	751.30	-9991.00	756.80
20180108181940	12.90	751.30	-9991.00	756.80
20180108181941	10.20	751.20	-9991.00	756.80
20180108181942	10.20	751.20	-9991.00	756.80
20180108181943	10.20	751.20	-9991.00	756.80
20180108181944	41.00	751.20	-9991.00	756.90
20180108181945	41.00	751.20	-9991.00	756.90
20180108181946	72.10	751.30	-9991.00	757.00
20180108181947	72.10	751.30	-9991.00	757.00
20180108181948	72.10	751.30	-9991.00	757.00
20180108181949	77.10	751.30	-9991.00	756.90
20180108181950	77.10	751.30	-9991.00	756.90
20180108181951	77.10	751.30	-9991.00	756.90
20180108181952	75.60	751.20	-9991.00	756.90
20180108181953	75.60	751.20	-9991.00	756.90
20180108181954	73.30	751.20	-9991.00	756.90
20180108181955	73.30	751.20	-9991.00	756.90
20180108181956	73.30	751.20	-9991.00	756.90
20180108181957	71.10	751.20	-9991.00	756.90
20180108181958	71.10	751.20	-9991.00	756.90
20180108181959	69.30	751.20	-9991.00	756.80
20180108182000	69.30	751.20	-9991.00	756.80
20180108182001	69.30	751.20	-9991.00	756.80
20180108182002	25.60	751.20	-9991.00	756.70
20180108182003	25.60	751.20	-9991.00	756.70
20180108182004	12.40	751.30	-9991.00	756.80
20180108182005	12.40	751.30	-9991.00	756.80
20180108182006	12.40	751.30	-9991.00	756.80
20180108182007	7.90	751.20	-9991.00	756.70
20180108182008	7.90	751.20	-9991.00	756.70
20180108182009	6.70	751.20	-9991.00	756.70
20180108182010	6.70	751.20	-9991.00	756.70
20180108182011	6.30	751.20	-9991.00	756.80
20180108182012	6.30	751.20	-9991.00	756.80
20180108182013	6.30	751.20	-9991.00	756.80
20180108182014	6.30	751.20	-9991.00	756.80
20180108182015	6.30	751.20	-9991.00	756.80
20180108182016	6.30	751.20	-9991.00	756.80
20180108182017	6.30	751.30	-9991.00	756.90
20180108182018	6.30	751.30	-9991.00	756.90
20180108182019	6.30	751.20	-9991.00	756.80
20180108182020	6.30	751.20	-9991.00	756.80
20180108182021	6.30	751.20	-9991.00	756.80
20180108182022	50.00	751.20	-9991.00	756.70
20180108182023	50.00	751.20	-9991.00	756.70
20180108182024	6.30	751.30	-9991.00	756.80
20180108182025	6.30	751.30	-9991.00	756.80
20180108182026	6.30	751.30	-9991.00	756.80
20180108182027	30.00	751.30	-9991.00	756.90
20180108182028	30.00	751.30	-9991.00	756.90
20180108182029	65.70	751.30	-9991.00	756.90
20180108182030	65.70	751.30	-9991.00	756.90
20180108182031	72.10	751.30	-9991.00	756.90
20180108182032	72.10	751.30	-9991.00	756.90
20180108182033	72.10	751.30	-9991.00	756.90
20180108182034	71.70	751.30	-9991.00	756.90
20180108182035	71.70	751.30	-9991.00	756.90
20180108182036	69.80	751.20	-9991.00	756.90
20180108182037	69.80	751.20	-9991.00	756.90
20180108182038	69.80	751.20	-9991.00	756.90
20180108182039	67.80	751.30	-9991.00	756.80
20180108182040	67.80	751.30	-9991.00	756.80
20180108182041	67.80	751.30	-9991.00	756.80
20180108182042	27.00	751.30	-9991.00	756.80
20180108182043	27.00	751.30	-9991.00	756.80
20180108182044	12.60	751.30	-9991.00	756.80
20180108182045	12.60	751.30	-9991.00	756.80
20180108182046	12.60	751.30	-9991.00	756.80
20180108182047	8.10	751.30	-9991.00	756.80
20180108182048	8.10	751.30	-9991.00	756.80
20180108182049	6.90	751.30	-9991.00	756.80
20180108182050	6.90	751.30	-9991.00	756.80
20180108182051	6.90	751.30	-9991.00	756.80
20180108182052	6.30	751.40	-9991.00	756.80
20180108182053	6.30	751.40	-9991.00	756.80
20180108182054	6.30	751.40	-9991.00	756.80
20180108182055	6.30	751.40	-9991.00	756.80
20180108182056	6.30	751.30	-9991.00	756.80
20180108182057	6.30	751.30	-9991.00	756.80
20180108182058	6.30	751.30	-9991.00	756.80
20180108182059	6.30	751.30	-9991.00	756.80
20180108182100	6.30	751.30	-9991.00	756.80
20180108182101	6.30	751.20	-9991.00	756.90
20180108182102	6.30	751.20	-9991.00	756.90
20180108182103	6.30	751.20	-9991.00	756.90
20180108182104	6.30	751.30	-9991.00	756.80
20180108182105	6.30	751.30	-9991.00	756.80
20180108182106	6.30	751.30	-9991.00	756.80
20180108182107	6.30	751.30	-9991.00	50.00
20180108182108	6.30	751.30	-9991.00	50.00
20180108182109	6.30	751.30	-9991.00	756.90
20180108182110	6.30	751.30	-9991.00	756.90
20180108182111	6.30	751.30	-9991.00	756.90
20180108182112	6.30	751.30	-9991.00	756.80
20180108182113	6.30	751.30	-9991.00	756.80
20180108182114	19.00	751.20	-9991.00	757.00
20180108182115	19.00	751.20	-9991.00	757.00
20180108182116	19.00	751.20	-9991.00	757.00
20180108182117	62.80	751.30	-9991.00	757.00
20180108182118	62.80	751.30	-9991.00	757.00
20180108182119	70.70	751.30	-9991.00	757.00
20180108182120	70.70	751.30	-9991.00	757.00
20180108182121	70.50	751.20	-9991.00	757.00
20180108182122	70.50	751.20	-9991.00	757.00
20180108182123	70.50	751.20	-9991.00	757.00
20180108182124	68.60	751.30	-9991.00	757.00
20180108182125	68.60	751.30	-9991.00	757.00
20180108182126	66.70	751.30	-9991.00	757.00
20180108182127	66.70	751.30	-9991.00	757.00
20180108182128	66.70	751.30	-9991.00	757.00
20180108182129	64.90	751.30	-9991.00	756.90
20180108182130	64.90	751.30	-9991.00	756.90
20180108182131	64.90	751.30	-9991.00	756.90
20180108182132	49.40	751.30	-9991.00	756.80
20180108182133	49.40	751.30	-9991.00	756.80
20180108182134	19.40	751.20	-9991.00	756.80
20180108182135	19.40	751.20	-9991.00	756.80
20180108182136	19.40	751.20	-9991.00	756.80
20180108182137	10.40	751.30	-9991.00	756.80
20180108182138	10.40	751.30	-9991.00	756.80
20180108182139	7.50	751.30	-9991.00	756.80
20180108182140	7.50	751.30	-9991.00	756.80
20180108182141	7.50	751.30	-9991.00	756.80
20180108182142	6.70	751.30	-9991.00	756.80
20180108182143	6.70	751.30	-9991.00	756.80
20180108182144	6.30	751.30	-9991.00	756.80
20180108182145	6.30	751.30	-9991.00	756.80
20180108182146	6.30	751.30	-9991.00	756.80
20180108182147	6.30	751.30	-9991.00	756.80
20180108182148	6.30	751.30	-9991.00	756.80
20180108182149	6.30	751.30	-9991.00	756.80
20180108182150	6.30	751.30	-9991.00	756.80
20180108182151	6.30	751.30	-9991.00	756.80
20180108182152	6.30	751.30	-9991.00	756.80
20180108182153	6.30	751.30	-9991.00	756.80
20180108182154	6.30	751.30	-9991.00	756.80
20180108182155	6.40	751.30	-9991.00	756.80
20180108182156	6.40	751.30	-9991.00	756.80
20180108182157	6.30	751.30	-9991.00	756.80
20180108182158	6.30	751.30	-9991.00	756.80
20180108182159	6.30	751.30	-9991.00	756.80
20180108182200	6.30	751.30	-9991.00	756.80
20180108182201	6.30	751.30	-9991.00	756.80
20180108182202	31.70	751.30	-9991.00	756.90
20180108182203	31.70	751.30	-9991.00	756.90
20180108182204	31.70	751.30	-9991.00	756.90
20180108182205	63.80	751.30	-9991.00	756.90
20180108182206	63.80	751.30	-9991.00	756.90
20180108182207	69.00	751.30	-9991.00	756.90
20180108182208	69.00	751.30	-9991.00	756.90
20180108182209	69.00	751.30	-9991.00	756.90
20180108182210	68.00	751.30	-9991.00	757.00
20180108182211	68.00	751.30	-9991.00	757.00
20180108182212	66.10	751.30	-9991.00	756.90
20180108182213	66.10	751.30	-9991.00	756.90
20180108182214	66.10	751.30	-9991.00	756.90
20180108182215	64.20	751.30	-9991.00	756.90
20180108182216	64.20	751.30	-9991.00	756.90
20180108182217	62.60	751.30	-9991.00	757.00
20180108182218	62.60	751.30	-9991.00	757.00
20180108182219	62.60	751.30	-9991.00	757.00
20180108182220	61.40	751.30	-9991.00	757.00
20180108182221	61.40	751.30	-9991.00	757.00
20180108182222	61.40	751.30	-9991.00	757.00
20180108182223	60.00	751.40	-9991.00	757.00
20180108182224	60.00	751.40	-9991.00	757.00
20180108182225	51.50	751.30	-9991.00	757.00
20180108182226	51.50	751.30	-9991.00	757.00
20180108182227	51.50	751.30	-9991.00	757.00
20180108182228	20.30	751.30	-9991.00	757.00
20180108182229	20.30	751.30	-9991.00	757.00
20180108182230	10.90	751.40	-9991.00	757.00
20180108182231	10.90	751.40	-9991.00	757.00
20180108182232	10.90	751.40	-9991.00	757.00
20180108182233	7.80	751.40	-9991.00	756.90
20180108182234	7.80	751.40	-9991.00	756.90
20180108182235	43.90	751.30	-9991.00	757.00
20180108182236	43.90	751.30	-9991.00	757.00
20180108182237	43.90	751.30	-9991.00	757.00
20180108182238	56.00	751.30	-9991.00	757.00
20180108182239	56.00	751.30	-9991.00	757.00
20180108182240	56.00	751.30	-9991.00	757.00
20180108182241	56.50	751.40	-9991.00	757.00
20180108182242	56.50	751.40	-9991.00	757.00
20180108182243	56.50	751.30	-9991.00	757.00
20180108182244	56.50	751.30	-9991.00	757.00
20180108182245	56.50	751.30	-9991.00	757.00
20180108182246	55.70	751.40	-9991.00	757.00
20180108182247	55.70	751.40	-9991.00	757.00
20180108182248	55.70	751.40	-9991.00	757.00
20180108182249	55.00	751.30	-9991.00	756.90
20180108182250	55.00	751.30	-9991.00	756.90
20180108182251	54.60	751.30	-9991.00	756.90
20180108182252	54.60	751.30	-9991.00	756.90
20180108182253	54.60	751.30	-9991.00	756.90
20180108182254	54.20	751.40	-9991.00	756.90
20180108182255	54.20	751.40	-9991.00	756.90
20180108182256	54.00	751.40	-9991.00	756.90
20180108182257	54.00	751.40	-9991.00	756.90
20180108182258	54.00	751.40	-9991.00	756.90
20180108182259	53.60	751.30	-9991.00	757.00
20180108182300	53.60	751.30	-9991.00	757.00
20180108182301	53.40	751.40	-9991.00	757.00
20180108182302	53.40	751.40	-9991.00	757.00
20180108182303	53.40	751.40	-9991.00	757.00
20180108182304	53.00	751.40	-9991.00	756.90
20180108182305	53.00	751.40	-9991.00	756.90
20180108182306	52.80	751.30	-9991.00	757.00
20180108182307	52.80	751.30	-9991.00	757.00
20180108182308	52.80	751.30	-9991.00	757.00
20180108182309	52.70	751.40	-9991.00	757.00
20180108182310	52.70	751.40	-9991.00	757.00
20180108182311	52.70	751.40	-9991.00	757.00
20180108182312	52.40	751.40	-9991.00	757.00
20180108182313	52.40	751.40	-9991.00	757.00
20180108182314	52.00	751.40	-9991.00	757.00
20180108182315	52.00	751.40	-9991.00	757.00
20180108182316	52.00	751.40	-9991.00	757.00
20180108182317	51.80	751.30	-9991.00	757.00
20180108182318	51.80	751.30	-9991.00	757.00
20180108182319	51.60	751.30	-9991.00	757.10
20180108182320	51.60	751.30	-9991.00	757.10
20180108182321	51.60	751.30	-9991.00	757.10
20180108182322	51.50	751.40	-9991.00	757.00
20180108182323	51.50	751.40	-9991.00	757.00
20180108182324	51.30	751.30	-9991.00	757.00
20180108182325	51.30	751.30	-9991.00	757.00
20180108182326	51.00	751.50	-9991.00	757.10
20180108182327	51.00	751.50	-9991.00	757.10
20180108182328	51.00	751.50	-9991.00	757.10
20180108182329	50.80	751.50	-9991.00	757.00
20180108182330	50.80	751.50	-9991.00	757.00
20180108182331	50.70	751.40	-9991.00	757.00
20180108182332	50.70	751.40	-9991.00	757.00
20180108182333	50.70	751.40	-9991.00	757.00
20180108182334	50.70	751.50	-9991.00	757.10
20180108182335	50.70	751.50	-9991.00	757.10
20180108182336	50.70	751.50	-9991.00	757.10
20180108182337	50.40	751.50	-9991.00	757.00
20180108182338	50.40	751.50	-9991.00	757.00
20180108182339	50.50	751.40	-9991.00	757.10
20180108182340	50.50	751.40	-9991.00	757.10
20180108182341	50.50	751.40	-9991.00	757.10
20180108182342	50.50	751.40	-9991.00	757.00
20180108182343	50.50	751.40	-9991.00	757.00
20180108182344	50.30	751.40	-9991.00	757.00
20180108182345	50.30	751.40	-9991.00	757.00
20180108182346	50.30	751.40	-9991.00	756.90
20180108182347	50.30	751.40	-9991.00	756.90
20180108182348	50.30	751.40	-9991.00	756.90
20180108182349	50.10	751.50	-9991.00	757.00
20180108182350	50.10	751.50	-9991.00	757.00
20180108182351	49.90	751.40	-9991.00	757.00
20180108182352	49.90	751.40	-9991.00	757.00
20180108182353	49.90	751.40	-9991.00	757.00
20180108182354	49.70	751.40	-9991.00	757.00
20180108182355	49.70	751.40	-9991.00	757.00
20180108182356	49.70	751.40	-9991.00	756.90
20180108182357	49.70	751.40	-9991.00	756.90
20180108182358	49.50	751.40	-9991.00	756.90
20180108182359	49.50	751.40	-9991.00	756.90
20180108182400	49.50	751.40	-9991.00	756.90
20180108182401	49.60	751.40	-9991.00	757.00
20180108182402	49.60	751.40	-9991.00	757.00
20180108182403	49.60	751.40	-9991.00	757.00
20180108182404	49.30	751.30	-9991.00	757.00
20180108182405	49.30	751.30	-9991.00	757.00
20180108182406	49.10	751.40	-9991.00	757.00
20180108182407	49.10	751.40	-9991.00	757.00
20180108182408	49.10	751.40	-9991.00	757.00
20180108182409	49.10	751.40	-9991.00	757.00
20180108182410	49.10	751.40	-9991.00	757.00
20180108182411	49.00	751.40	-9991.00	757.00
20180108182412	49.00	751.40	-9991.00	757.00
20180108182413	49.00	751.40	-9991.00	757.00
20180108182414	49.00	751.40	-9991.00	757.00
20180108182415	49.00	751.40	-9991.00	757.00
20180108182416	48.80	751.40	-9991.00	757.00
20180108182417	48.80	751.40	-9991.00	757.00
20180108182418	48.70	751.50	-9991.00	757.00
20180108182419	48.70	751.50	-9991.00	757.00
20180108182420	48.70	751.50	-9991.00	757.00
20180108182421	48.50	751.40	-9991.00	757.00
20180108182422	48.50	751.40	-9991.00	757.00
20180108182423	48.50	751.40	-9991.00	757.00
20180108182424	48.50	751.40	-9991.00	757.00
20180108182425	48.50	751.40	-9991.00	757.00
20180108182426	48.40	751.40	-9991.00	756.90
20180108182427	48.40	751.40	-9991.00	756.90
20180108182428	48.40	751.40	-9991.00	756.90
20180108182429	48.30	751.40	-9991.00	757.00
20180108182430	48.30	751.40	-9991.00	757.00
20180108182431	48.10	751.40	-9991.00	756.90
20180108182432	48.10	751.40	-9991.00	756.90
20180108182433	48.10	751.30	-9991.00	756.90
20180108182434	48.10	751.30	-9991.00	756.90
20180108182435	48.10	751.30	-9991.00	756.90
20180108182436	48.00	751.40	-9991.00	756.90
20180108182437	48.00	751.40	-9991.00	756.90
20180108182438	47.90	751.40	-9991.00	757.00
20180108182439	47.90	751.40	-9991.00	757.00
20180108182440	47.90	751.40	-9991.00	757.00
20180108182441	47.80	751.30	-9991.00	756.90
20180108182442	47.80	751.30	-9991.00	756.90
20180108182443	47.80	751.30	-9991.00	756.90
20180108182444	47.80	751.40	-9991.00	757.00
20180108182445	47.80	751.40	-9991.00	757.00
20180108182446	47.60	751.40	-9991.00	757.00
20180108182447	47.60	751.40	-9991.00	757.00
20180108182448	47.60	751.40	-9991.00	757.00
20180108182449	47.60	751.40	-9991.00	757.00
20180108182450	47.60	751.40	-9991.00	757.00
20180108182451	47.60	751.40	-9991.00	757.00
20180108182452	47.60	751.40	-9991.00	757.00
20180108182453	47.60	751.40	-9991.00	757.00
20180108182454	47.60	751.40	-9991.00	757.10
20180108182455	47.60	751.40	-9991.00	757.10
20180108182456	47.40	751.50	-9991.00	757.10
20180108182457	47.40	751.50	-9991.00	757.10
20180108182458	47.40	751.50	-9991.00	757.10
20180108182459	47.40	751.50	-9991.00	757.10
20180108182500	47.40	751.50	-9991.00	757.10
20180108182501	47.20	751.40	-9991.00	757.10
20180108182502	47.20	751.40	-9991.00	757.10
20180108182503	47.20	751.40	-9991.00	757.00
20180108182504	47.20	751.40	-9991.00	757.00
20180108182505	47.20	751.40	-9991.00	757.00
20180108182506	47.20	751.30	-9991.00	757.10
20180108182507	47.20	751.30	-9991.00	757.10
20180108182508	47.20	751.40	-9991.00	757.00
20180108182509	47.20	751.40	-9991.00	757.00
20180108182510	47.20	751.40	-9991.00	757.00
20180108182511	47.20	751.40	-9991.00	757.10
20180108182512	47.20	751.40	-9991.00	757.10
20180108182513	47.00	751.40	-9991.00	757.00
20180108182514	47.00	751.40	-9991.00	757.00
20180108182515	47.00	751.40	-9991.00	757.00
20180108182516	47.00	751.30	-9991.00	757.10
20180108182517	47.00	751.30	-9991.00	757.10
20180108182518	46.80	751.40	-9991.00	757.10
20180108182519	46.80	751.40	-9991.00	757.10
20180108182520	46.80	751.40	-9991.00	757.10
20180108182521	46.80	751.40	-9991.00	757.00
20180108182522	46.80	751.40	-9991.00	757.00
20180108182523	46.80	751.40	-9991.00	757.10
20180108182524	46.80	751.40	-9991.00	757.10
20180108182525	46.80	751.40	-9991.00	757.10
20180108182526	46.60	751.40	-9991.00	757.10
20180108182527	46.60	751.40	-9991.00	757.10
20180108182528	46.60	751.40	-9991.00	757.10
20180108182529	46.60	751.40	-9991.00	757.10
20180108182530	46.60	751.40	-9991.00	757.10
20180108182531	46.60	751.40	-9991.00	757.10
20180108182532	46.60	751.40	-9991.00	757.10
20180108182533	46.60	751.40	-9991.00	757.10
20180108182534	46.40	751.40	-9991.00	757.10
20180108182535	46.40	751.40	-9991.00	757.10
20180108182536	46.40	751.30	-9991.00	757.10
20180108182537	46.40	751.30	-9991.00	757.10
20180108182538	46.30	751.40	-9991.00	757.00
20180108182539	46.30	751.40	-9991.00	757.00
20180108182540	46.30	751.40	-9991.00	757.00
20180108182541	46.30	751.40	-9991.00	757.00
20180108182542	46.60	751.40	-9991.00	757.00
20180108182543	46.60	751.40	-9991.00	757.00
20180108182544	46.80	751.40	-9991.00	757.10
20180108182545	46.80	751.40	-9991.00	757.10
20180108182546	46.80	751.30	-9991.00	757.10
20180108182547	46.80	751.30	-9991.00	757.10
20180108182548	46.80	751.30	-9991.00	757.10
20180108182549	46.60	751.40	-9991.00	757.10
20180108182550	46.60	751.40	-9991.00	757.10
20180108182551	46.60	751.30	-9991.00	757.10
20180108182552	46.60	751.30	-9991.00	757.10
20180108182553	46.60	751.30	-9991.00	757.10
20180108182554	46.60	751.40	-9991.00	757.10
20180108182555	46.60	751.40	-9991.00	757.10
20180108182556	46.40	751.30	-9991.00	757.10
20180108182557	46.40	751.30	-9991.00	757.10
20180108182558	46.40	751.30	-9991.00	757.10
20180108182559	46.40	751.30	-9991.00	757.10
20180108182600	46.40	751.30	-9991.00	757.10
20180108182601	46.40	751.30	-9991.00	757.10
20180108182602	46.40	751.30	-9991.00	757.10
20180108182603	46.20	751.30	-9991.00	757.10
20180108182604	46.20	751.30	-9991.00	757.10
20180108182605	46.20	751.30	-9991.00	757.10
20180108182606	46.20	751.40	-9991.00	757.10
20180108182607	46.20	751.40	-9991.00	757.10
20180108182608	46.20	751.40	-9991.00	757.10
20180108182609	46.00	751.30	-9991.00	757.00
20180108182610	46.00	751.30	-9991.00	757.00
20180108182611	46.00	751.40	-9991.00	757.10
20180108182612	46.00	751.40	-9991.00	757.10
20180108182613	46.00	751.40	-9991.00	757.10
20180108182614	46.00	751.40	-9991.00	757.10
20180108182615	46.00	751.40	-9991.00	757.10
20180108182616	46.00	751.40	-9991.00	757.10
20180108182617	46.00	751.50	-9991.00	757.10
20180108182618	46.00	751.50	-9991.00	757.10
20180108182619	45.80	751.40	-9991.00	757.10
20180108182620	45.80	751.40	-9991.00	757.10
20180108182621	45.80	751.40	-9991.00	757.10
20180108182622	45.80	751.50	-9991.00	757.10
20180108182623	45.80	751.50	-9991.00	757.10
20180108182624	45.60	751.40	-9991.00	757.10
20180108182625	45.60	751.40	-9991.00	757.10
20180108182626	45.60	751.40	-9991.00	757.10
20180108182627	45.60	751.40	-9991.00	757.10
20180108182628	45.60	751.40	-9991.00	757.10
20180108182629	45.60	751.40	-9991.00	757.10
20180108182630	45.60	751.40	-9991.00	757.10
20180108182631	45.60	751.40	-9991.00	757.10
20180108182632	45.60	751.40	-9991.00	757.10
20180108182633	45.60	751.40	-9991.00	757.10
20180108182634	45.40	751.40	-9991.00	757.10
20180108182635	45.40	751.40	-9991.00	757.10
20180108182636	45.40	751.40	-9991.00	757.10
20180108182637	45.40	751.40	-9991.00	757.10
20180108182638	45.40	751.40	-9991.00	757.10
20180108182639	45.30	751.40	-9991.00	757.10
20180108182640	45.30	751.40	-9991.00	757.10
20180108182641	45.20	751.30	-9991.00	757.10
20180108182642	45.20	751.30	-9991.00	757.10
20180108182643	45.20	751.30	-9991.00	757.10
20180108182644	45.20	751.40	-9991.00	757.10
20180108182645	45.20	751.40	-9991.00	757.10
20180108182646	45.20	751.40	-9991.00	757.10
20180108182647	45.20	751.40	-9991.00	757.10
20180108182648	45.20	751.40	-9991.00	757.10
20180108182649	45.00	751.40	-9991.00	757.10
20180108182650	45.00	751.40	-9991.00	757.10
20180108182651	45.00	751.40	-9991.00	757.10
20180108182652	45.00	751.40	-9991.00	757.10
20180108182653	45.00	751.40	-9991.00	757.10
20180108182654	45.00	751.40	-9991.00	757.10
20180108182655	45.00	751.40	-9991.00	757.10
20180108182656	45.00	751.40	-9991.00	757.10
20180108182657	44.80	751.40	-9991.00	757.20
20180108182658	44.80	751.40	-9991.00	757.20
20180108182659	44.80	751.40	-9991.00	757.10
20180108182700	44.80	751.40	-9991.00	757.10
20180108182701	44.90	751.40	-9991.00	757.20
20180108182702	44.90	751.40	-9991.00	757.20
20180108182703	44.90	751.40	-9991.00	757.20
20180108182704	44.70	751.40	-9991.00	757.10
20180108182705	44.70	751.40	-9991.00	757.10
20180108182706	44.60	751.40	-9991.00	757.20
20180108182707	44.60	751.40	-9991.00	757.20
20180108182708	44.60	751.40	-9991.00	757.20
20180108182709	44.60	751.30	-9991.00	757.10
20180108182710	44.60	751.30	-9991.00	757.10
20180108182711	44.60	751.30	-9991.00	757.10
20180108182712	44.60	751.30	-9991.00	757.10
20180108182713	44.60	751.40	-9991.00	757.10
20180108182714	44.60	751.40	-9991.00	757.10
20180108182715	44.60	751.40	-9991.00	757.10
20180108182716	44.60	751.40	-9991.00	757.10
20180108182717	44.60	751.40	-9991.00	757.10
20180108182718	44.60	751.40	-9991.00	757.20
20180108182719	44.60	751.40	-9991.00	757.20
20180108182720	44.60	751.40	-9991.00	757.20
20180108182721	44.60	751.30	-9991.00	757.10
20180108182722	44.60	751.30	-9991.00	757.10
20180108182723	44.60	751.30	-9991.00	757.10
20180108182724	44.60	751.30	-9991.00	757.10
20180108182725	44.60	751.30	-9991.00	757.10
20180108182726	44.60	751.30	-9991.00	757.00
20180108182727	44.60	751.30	-9991.00	757.00
20180108182728	44.60	751.30	-9991.00	757.00
20180108182729	44.60	751.30	-9991.00	757.00
20180108182730	44.60	751.30	-9991.00	757.00
20180108182731	44.60	751.30	-9991.00	757.00
20180108182732	44.60	751.30	-9991.00	757.00
20180108182733	44.60	751.80	-9991.00	757.00
20180108182734	44.60	751.80	-9991.00	757.00
20180108182735	44.60	751.80	-9991.00	757.00
20180108182736	44.60	751.70	-9991.00	757.10
20180108182737	44.60	751.70	-9991.00	757.10
20180108182738	44.60	751.50	-9991.00	757.00
20180108182739	44.60	751.50	-9991.00	757.00
20180108182740	44.60	751.30	-9991.00	757.00
20180108182741	44.60	751.30	-9991.00	757.00
20180108182742	44.60	751.30	-9991.00	757.00
20180108182743	44.60	751.30	-9991.00	757.10
20180108182744	44.60	751.30	-9991.00	757.10
20180108182745	44.60	751.30	-9991.00	757.10
20180108182746	44.60	751.40	-9991.00	757.10
20180108182747	44.60	751.40	-9991.00	757.10
20180108182748	44.60	751.50	-9991.00	757.10
20180108182749	44.60	751.50	-9991.00	757.10
20180108182750	44.60	751.50	-9991.00	757.10
20180108182751	44.60	751.40	-9991.00	757.00
20180108182752	44.60	751.40	-9991.00	757.00
20180108182753	-199.00	751.40	-9991.00	757.10
20180108182754	-199.00	751.40	-9991.00	757.10
20180108182755	-199.00	751.40	-9991.00	757.10
20180108182756	-199.00	751.40	-9991.00	757.10
20180108182757	-199.00	751.40	-9991.00	757.10
20180108182758	-198.00	751.40	-9991.00	757.00
20180108182759	-198.00	751.40	-9991.00	757.00
20180108182800	-199.00	751.40	-9991.00	757.00
20180108182801	-199.00	751.40	-9991.00	757.00
20180108182802	-199.00	751.40	-9991.00	757.00
20180108182803	-199.00	751.40	-9991.00	757.10
20180108182804	-199.00	751.40	-9991.00	757.10
20180108182805	50.60	751.40	-9991.00	757.20
20180108182806	50.60	751.40	-9991.00	757.20
20180108182807	50.60	751.40	-9991.00	757.20
20180108182808	60.00	751.50	-9991.00	757.10
20180108182809	60.00	751.50	-9991.00	757.10
20180108182810	60.00	751.50	-9991.00	757.10
20180108182811	59.90	751.40	-9991.00	757.10
20180108182812	59.90	751.40	-9991.00	757.10
20180108182814	57.10	751.40	-9991.00	757.10
20180108182815	57.10	751.40	-9991.00	757.10
20180108182816	57.10	751.40	-9991.00	757.10
20180108182817	55.30	751.40	-9991.00	757.10
20180108182818	55.30	751.40	-9991.00	757.10
20180108182819	55.30	751.40	-9991.00	757.10
20180108182820	53.00	751.40	-9991.00	757.10
20180108182821	53.00	751.40	-9991.00	757.10
20180108182822	53.00	751.40	-9991.00	757.10
20180108182823	51.50	751.40	-9991.00	757.20
20180108182824	51.50	751.40	-9991.00	757.20
20180108182825	50.50	751.40	-9991.00	757.10
20180108182826	50.50	751.40	-9991.00	757.10
20180108182827	50.50	751.40	-9991.00	757.10
20180108182828	49.70	751.30	-9991.00	757.10
20180108182829	49.70	751.30	-9991.00	757.10
20180108182830	49.20	751.50	-9991.00	757.20
20180108182831	49.20	751.50	-9991.00	757.20
20180108182832	49.20	751.50	-9991.00	757.20
20180108182833	48.30	751.40	-9991.00	757.20
20180108182834	48.30	751.40	-9991.00	757.20
20180108182835	47.90	751.50	-9991.00	757.10
20180108182836	47.90	751.50	-9991.00	757.10
20180108182837	47.90	751.50	-9991.00	757.10
20180108182838	47.40	751.40	-9991.00	757.10
20180108182839	47.40	751.40	-9991.00	757.10
20180108182840	46.80	751.40	-9991.00	757.10
20180108182841	46.80	751.40	-9991.00	757.10
20180108182842	46.80	751.40	-9991.00	757.10
20180108182843	46.40	751.40	-9991.00	757.20
20180108182844	46.40	751.40	-9991.00	757.20
20180108182845	46.20	751.40	-9991.00	757.20
20180108182846	46.20	751.40	-9991.00	757.20
20180108182847	46.20	751.40	-9991.00	757.20
20180108182848	45.80	751.30	-9991.00	757.20
20180108182849	45.80	751.30	-9991.00	757.20
20180108182850	45.60	751.40	-9991.00	757.20
20180108182851	45.60	751.40	-9991.00	757.20
20180108182852	45.20	751.40	-9991.00	757.10
20180108182853	45.20	751.40	-9991.00	757.10
20180108182854	45.20	751.40	-9991.00	757.10
20180108182855	45.00	751.40	-9991.00	757.20
20180108182856	45.00	751.40	-9991.00	757.20
20180108182857	44.70	751.40	-9991.00	757.20
20180108182858	44.70	751.40	-9991.00	757.20
20180108182859	44.70	751.40	-9991.00	757.20
20180108182900	44.40	751.30	-9991.00	757.20
20180108182901	44.40	751.30	-9991.00	757.20
20180108182902	44.40	751.30	-9991.00	757.20
20180108182903	44.30	751.30	-9991.00	757.30
20180108182904	44.30	751.30	-9991.00	757.30
20180108182905	44.00	751.40	-9991.00	757.20
20180108182906	44.00	751.40	-9991.00	757.20
20180108182907	44.00	751.40	-9991.00	757.20
20180108182908	43.80	751.40	-9991.00	757.20
20180108182909	43.80	751.40	-9991.00	757.20
20180108182910	43.70	751.40	-9991.00	757.20
20180108182911	43.70	751.40	-9991.00	757.20
20180108182912	43.50	751.30	-9991.00	757.20
20180108182913	43.50	751.30	-9991.00	757.20
20180108182914	43.50	751.30	-9991.00	757.20
20180108182915	43.50	751.40	-9991.00	757.20
20180108182916	43.50	751.40	-9991.00	757.20
20180108182917	43.50	751.40	-9991.00	757.30
20180108182918	43.50	751.40	-9991.00	757.30
20180108182919	43.50	751.40	-9991.00	757.30
20180108182920	43.70	751.40	-9991.00	757.20
20180108182921	43.70	751.40	-9991.00	757.20
20180108182922	43.50	751.30	-9991.00	757.20
20180108182923	43.50	751.30	-9991.00	757.20
20180108182924	43.50	751.30	-9991.00	757.20
20180108182925	43.50	751.40	-9991.00	757.10
20180108182926	43.50	751.40	-9991.00	757.10
20180108182927	43.50	751.40	-9991.00	757.10
20180108182928	43.50	751.40	-9991.00	757.10
20180108182929	43.50	751.40	-9991.00	757.10
20180108182930	43.50	751.30	-9991.00	757.20
20180108182931	43.50	751.30	-9991.00	757.20
20180108182932	43.50	751.30	-9991.00	757.20
20180108182933	43.50	751.30	-9991.00	757.20
20180108182934	43.50	751.30	-9991.00	757.20
20180108182935	43.50	751.40	-9991.00	757.20
20180108182936	43.50	751.40	-9991.00	757.20
20180108182937	-199.00	751.40	-9991.00	757.20
20180108182938	-199.00	751.40	-9991.00	757.20
20180108182939	-199.00	751.40	-9991.00	757.20
20180108182940	-199.00	751.40	-9991.00	757.20
20180108182941	-199.00	751.40	-9991.00	757.20
20180108182942	-198.00	751.40	-9991.00	757.20
20180108182943	-198.00	751.40	-9991.00	757.20
20180108182944	-198.00	751.40	-9991.00	757.20
20180108182945	-199.00	751.30	-9991.00	757.20
20180108182946	-199.00	751.30	-9991.00	757.20
20180108182947	3.10	751.30	-9991.00	757.30
20180108182948	3.10	751.30	-9991.00	757.30
20180108182949	3.80	751.30	-9991.00	757.30
20180108182950	3.80	751.30	-9991.00	757.30
20180108182951	3.80	751.30	-9991.00	757.30
20180108182952	3.80	751.30	-9991.00	757.30
20180108182953	4.30	751.30	-9991.00	757.30
20180108182954	4.30	751.30	-9991.00	757.30
20180108182955	75.90	751.40	-9991.00	757.30
20180108182956	75.90	751.40	-9991.00	757.30
20180108182957	270.60	751.40	-9991.00	757.30
20180108182958	270.60	751.40	-9991.00	757.30
20180108182959	270.60	751.40	-9991.00	757.30
20180108183000	277.10	751.40	-9991.00	757.20
20180108183001	277.10	751.40	-9991.00	757.20
20180108183002	28.00	751.40	-9991.00	757.30
20180108183003	28.00	751.40	-9991.00	757.30
20180108183004	28.00	751.40	-9991.00	757.30
20180108183005	7.30	751.50	-9991.00	757.40
20180108183006	7.30	751.50	-9991.00	757.40
20180108183007	229.50	751.40	-9991.00	757.30
20180108183008	229.50	751.40	-9991.00	757.30
20180108183009	229.50	751.40	-9991.00	757.30
20180108183010	277.50	751.40	-9991.00	757.30
20180108183011	277.50	751.40	-9991.00	757.30
20180108183012	270.30	751.40	-9991.00	757.30
20180108183013	270.30	751.40	-9991.00	757.30
20180108183014	270.30	751.40	-9991.00	757.30
20180108183015	268.20	751.40	-9991.00	757.30
20180108183016	268.20	751.40	-9991.00	757.30
20180108183017	268.20	751.40	-9991.00	757.30
20180108183018	267.80	751.50	-9991.00	757.30
20180108183019	267.80	751.50	-9991.00	757.30
20180108183020	194.80	751.40	-9991.00	757.40
20180108183021	194.80	751.40	-9991.00	757.40
20180108183022	194.80	751.40	-9991.00	757.40
20180108183023	12.20	751.30	-9991.00	757.30
20180108183024	12.20	751.30	-9991.00	757.30
20180108183025	7.70	751.30	-9991.00	757.30
20180108183026	7.70	751.30	-9991.00	757.30
20180108183027	6.10	751.40	-9991.00	757.30
20180108183028	6.10	751.40	-9991.00	757.30
20180108183029	6.10	751.40	-9991.00	757.30
20180108183030	5.50	751.40	-9991.00	757.30
20180108183031	5.50	751.40	-9991.00	757.30
20180108183032	5.20	751.30	-9991.00	757.40
20180108183033	5.20	751.30	-9991.00	757.40
20180108183035	4.90	751.40	-9991.00	757.30
20180108183036	4.90	751.40	-9991.00	757.30
20180108183037	4.90	751.40	-9991.00	757.30
20180108183038	5.00	751.40	-9991.00	757.40
20180108183039	5.00	751.40	-9991.00	757.40
20180108183040	4.80	751.40	-9991.00	757.30
20180108183041	4.80	751.40	-9991.00	757.30
20180108183042	4.80	751.40	-9991.00	757.30
20180108183043	-199.00	751.40	-9991.00	757.30
20180108183044	-199.00	751.40	-9991.00	757.30
20180108183045	-199.00	751.40	-9991.00	757.30
20180108183046	-199.00	751.30	-9991.00	757.30
20180108183047	-199.00	751.30	-9991.00	757.30
20180108183048	-199.00	751.30	-9991.00	757.30
20180108183049	-199.00	751.30	-9991.00	757.30
20180108183050	-199.00	751.30	-9991.00	757.30
20180108183051	-199.00	751.30	-9991.00	757.40
20180108183052	-199.00	751.30	-9991.00	757.40
20180108183053	-199.00	751.40	-9991.00	757.40
20180108183054	-199.00	751.40	-9991.00	757.40
20180108183055	-199.00	751.40	-9991.00	757.40
20180108183056	-199.00	751.40	-9991.00	757.40
20180108183057	-199.00	751.40	-9991.00	757.40
20180108183058	-198.00	751.40	-9991.00	757.40
20180108183059	-198.00	751.40	-9991.00	757.40
20180108183100	-198.00	751.40	-9991.00	757.30
20180108183101	-198.00	751.40	-9991.00	757.30
20180108183102	-198.00	751.40	-9991.00	757.30
20180108183103	-199.00	751.40	-9991.00	757.40
20180108183104	-199.00	751.40	-9991.00	757.40
20180108183105	13.00	751.30	-9991.00	757.40
20180108183106	13.00	751.30	-9991.00	757.40
20180108183107	13.00	751.30	-9991.00	757.40
20180108183108	11.00	751.30	-9991.00	757.40
20180108183109	11.00	751.30	-9991.00	757.40
20180108183110	8.70	751.50	-9991.00	757.50
20180108183111	8.70	751.50	-9991.00	757.50
20180108183112	8.70	751.50	-9991.00	757.50
20180108183113	7.70	751.50	-9991.00	757.50
20180108183114	7.70	751.50	-9991.00	757.50
20180108183115	42.80	751.40	-9991.00	757.50
20180108183116	42.80	751.40	-9991.00	757.50
20180108183117	42.80	751.40	-9991.00	757.50
20180108183118	51.60	751.40	-9991.00	757.50
20180108183119	51.60	751.40	-9991.00	757.50
20180108183120	53.70	751.50	-9991.00	757.50
20180108183121	53.70	751.50	-9991.00	757.50
20180108183122	52.70	751.40	-9991.00	757.50
20180108183123	52.70	751.40	-9991.00	757.50
20180108183124	52.70	751.40	-9991.00	757.50
20180108183125	51.60	751.40	-9991.00	757.50
20180108183126	51.60	751.40	-9991.00	757.50
20180108183127	50.60	751.40	-9991.00	757.40
20180108183128	50.60	751.40	-9991.00	757.40
20180108183129	50.60	751.40	-9991.00	757.40
20180108183130	49.80	751.50	-9991.00	757.50
20180108183131	49.80	751.50	-9991.00	757.50
20180108183132	49.80	751.50	-9991.00	757.50
20180108183133	49.00	751.40	-9991.00	757.50
20180108183134	49.00	751.40	-9991.00	757.50
20180108183135	48.30	751.40	-9991.00	757.50
20180108183136	48.30	751.40	-9991.00	757.50
20180108183137	46.10	751.50	-9991.00	757.50
20180108183138	46.10	751.50	-9991.00	757.50
20180108183139	46.10	751.50	-9991.00	757.50
20180108183140	45.20	751.50	-9991.00	757.50
20180108183141	45.20	751.50	-9991.00	757.50
20180108183142	46.10	751.30	-9991.00	757.50
20180108183143	46.10	751.30	-9991.00	757.50
20180108183144	46.10	751.30	-9991.00	757.50
20180108183145	44.60	751.40	-9991.00	757.50
20180108183146	44.60	751.40	-9991.00	757.50
20180108183147	43.60	751.40	-9991.00	757.50
20180108183148	43.60	751.40	-9991.00	757.50
20180108183149	44.90	751.40	-9991.00	757.50
20180108183150	44.90	751.40	-9991.00	757.50
20180108183151	44.90	751.40	-9991.00	757.50
20180108183152	45.00	751.40	-9991.00	757.50
20180108183153	45.00	751.40	-9991.00	757.50
20180108183154	44.80	751.40	-9991.00	757.50
20180108183155	44.80	751.40	-9991.00	757.50
20180108183156	44.80	751.40	-9991.00	757.50
20180108183157	44.60	751.40	-9991.00	757.50
20180108183158	44.60	751.40	-9991.00	757.50
20180108183159	44.60	751.40	-9991.00	757.50
20180108183200	44.20	751.40	-9991.00	757.50
20180108183201	44.20	751.40	-9991.00	757.50
20180108183202	43.80	751.40	-9991.00	757.50
20180108183203	43.80	751.40	-9991.00	757.50
20180108183204	42.30	751.40	-9991.00	757.50
20180108183205	42.30	751.40	-9991.00	757.50
20180108183206	42.30	751.40	-9991.00	757.50
20180108183207	22.00	751.30	-9991.00	757.60
20180108183208	22.00	751.30	-9991.00	757.60
20180108183209	12.20	751.40	-9991.00	757.60
20180108183210	12.20	751.40	-9991.00	757.60
20180108183211	12.20	751.40	-9991.00	757.60
20180108183212	8.70	751.50	-9991.00	757.50
20180108183213	8.70	751.50	-9991.00	757.50
20180108183214	7.40	751.50	-9991.00	757.60
20180108183215	7.40	751.50	-9991.00	757.60
20180108183216	6.80	751.50	-9991.00	757.50
20180108183217	6.80	751.50	-9991.00	757.50
20180108183218	6.80	751.50	-9991.00	757.50
20180108183219	6.60	751.40	-9991.00	757.60
20180108183220	6.60	751.40	-9991.00	757.60
20180108183221	6.60	751.40	-9991.00	757.60
20180108183222	6.60	751.40	-9991.00	757.60
20180108183223	6.60	751.40	-9991.00	757.60
20180108183224	6.20	751.40	-9991.00	757.50
20180108183225	6.20	751.40	-9991.00	757.50
20180108183226	6.20	751.40	-9991.00	757.50
20180108183227	6.00	751.40	-9991.00	757.50
20180108183228	6.00	751.40	-9991.00	757.50
20180108183229	5.80	751.40	-9991.00	757.60
20180108183230	5.80	751.40	-9991.00	757.60
20180108183231	5.80	751.40	-9991.00	757.60
20180108183232	5.60	751.40	-9991.00	757.60
20180108183233	5.60	751.40	-9991.00	757.60
20180108183234	5.60	751.40	-9991.00	757.50
