20180516182824	0.00	0.00	0.00	0.00
20180516182825	0.00	0.00	0.00	0.00
20180516182826	0.00	0.00	0.00	0.00
20180516182827	0.00	0.00	0.00	0.00
20180516182828	0.00	0.00	0.00	0.00
20180516182829	0.00	0.00	0.00	0.00
20180516182830	0.00	0.00	0.00	0.00
20180516182831	0.00	0.00	0.00	0.00
20180516182832	0.00	0.00	0.00	0.00
20180516182833	0.00	0.00	0.00	0.00
20180516182834	0.00	0.00	0.00	0.00
20180516182835	0.00	0.00	0.00	0.00
20180516182836	0.00	0.00	0.00	0.00
20180516182837	0.00	0.00	0.00	0.00
20180516182838	0.00	0.00	0.00	0.00
20180516182839	0.00	0.00	0.00	0.00
20180516182840	0.00	0.00	0.00	0.00
20180516182841	0.00	0.00	0.00	0.00
20180516182842	0.00	0.00	0.00	0.00
20180516182843	0.00	0.00	0.00	0.00
20180516182844	0.00	0.00	0.00	0.00
20180516182845	0.00	0.00	0.00	0.00
20180516182846	0.00	0.00	0.00	0.00
20180516182847	0.00	0.00	0.00	0.00
20180516182848	0.00	0.00	0.00	0.00
20180516182849	0.00	0.00	0.00	0.00
20180516182850	0.00	0.00	0.00	0.00
20180516182851	0.00	0.00	0.00	0.00
20180516182852	0.00	0.00	0.00	0.00
20180516182853	0.00	0.00	0.00	0.00
20180516182854	0.00	0.00	0.00	0.00
20180516182855	0.00	0.00	0.00	0.00
20180516182856	0.00	0.00	0.00	0.00
20180516182857	0.00	0.00	0.00	0.00
20180516182858	0.00	0.00	0.00	0.00
20180516182859	0.00	0.00	0.00	0.00
20180516182900	0.00	0.00	0.00	0.00
20180516182901	0.00	0.00	0.00	0.00
20180516182902	0.00	0.00	0.00	0.00
20180516182903	0.00	0.00	0.00	0.00
20180516182904	0.00	0.00	0.00	0.00
20180516182905	0.00	0.00	0.00	0.00
20180516182906	0.00	0.00	0.00	0.00
20180516182907	0.00	0.00	0.00	0.00
20180516182908	0.00	0.00	0.00	0.00
20180516182909	0.00	0.00	0.00	0.00
20180516182910	0.00	0.00	0.00	0.00
20180516182911	0.00	0.00	0.00	0.00
20180516182912	0.00	0.00	0.00	0.00
20180516182913	0.00	0.00	0.00	0.00
20180516182916	0.00	0.00	0.00	0.00
20180516182917	0.00	0.00	0.00	0.00
20180516182918	0.00	0.00	0.00	0.00
20180516182919	0.00	0.00	0.00	0.00
20180516182920	0.00	0.00	0.00	0.00
20180516182921	0.00	0.00	0.00	0.00
20180516182922	0.00	0.00	0.00	0.00
20180516182923	0.00	0.00	0.00	0.00
20180516182924	0.00	0.00	0.00	0.00
20180516182925	0.00	0.00	0.00	0.00
20180516182931	0.00	0.00	0.00	0.00
20180516182932	0.00	0.00	0.00	0.00
20180516182933	0.00	0.00	0.00	0.00
20180516182934	0.00	0.00	0.00	0.00
20180516182935	0.00	0.00	0.00	0.00
20180516182936	0.00	0.00	0.00	0.00
20180516182937	0.00	0.00	0.00	0.00
20180516182938	0.00	0.00	0.00	0.00
20180516182939	0.00	0.00	0.00	0.00
20180516182940	0.00	0.00	0.00	0.00
20180516182941	0.00	0.00	0.00	0.00
20180516182942	0.00	0.00	0.00	0.00
20180516182943	0.00	0.00	0.00	0.00
20180516182944	0.00	0.00	0.00	0.00
20180516182945	0.00	0.00	0.00	0.00
20180516182946	0.00	0.00	0.00	0.00
20180516182947	0.00	0.00	0.00	0.00
20180516182948	0.00	0.00	0.00	0.00
20180516182949	0.00	0.00	0.00	0.00
20180516182950	0.00	0.00	0.00	0.00
20180516182951	0.00	0.00	0.00	0.00
20180516182952	0.00	0.00	0.00	0.00
20180516182953	0.00	0.00	0.00	0.00
20180516182954	0.00	0.00	0.00	0.00
20180516182955	0.00	0.00	0.00	0.00
20180516182956	0.00	0.00	0.00	0.00
20180516182957	0.00	0.00	0.00	0.00
20180516182958	0.00	0.00	0.00	0.00
20180516182959	0.00	0.00	0.00	0.00
20180516183000	0.00	0.00	0.00	0.00
20180516183001	0.00	0.00	0.00	0.00
20180516183002	0.00	0.00	0.00	0.00
20180516183003	0.00	0.00	0.00	0.00
20180516183004	0.00	0.00	0.00	0.00
20180516183005	0.00	0.00	0.00	0.00
20180516183006	0.00	0.00	0.00	0.00
20180516183007	0.00	0.00	0.00	0.00
20180516183008	0.00	0.00	0.00	0.00
20180516183009	0.00	0.00	0.00	0.00
20180516183010	0.00	0.00	0.00	0.00
20180516183011	0.00	0.00	0.00	0.00
20180516183012	0.00	0.00	0.00	0.00
20180516183013	0.00	0.00	0.00	0.00
20180516183014	0.00	0.00	0.00	0.00
20180516183015	0.00	0.00	0.00	0.00
20180516183016	0.00	0.00	0.00	0.00
20180516183017	0.00	0.00	0.00	0.00
20180516183018	0.00	0.00	0.00	0.00
20180516183019	0.00	0.00	0.00	0.00
20180516183020	0.00	0.00	0.00	0.00
20180516183021	0.00	0.00	0.00	0.00
20180516183022	0.00	0.00	0.00	0.00
20180516183023	0.00	0.00	0.00	0.00
20180516183024	0.00	0.00	0.00	0.00
20180516183025	0.00	0.00	0.00	0.00
20180516183026	0.00	0.00	0.00	0.00
20180516183027	0.00	0.00	0.00	0.00
20180516183028	0.00	0.00	0.00	0.00
20180516183029	0.00	0.00	0.00	0.00
20180516183030	0.00	0.00	0.00	0.00
20180516183031	0.00	0.00	0.00	0.00
20180516183032	0.00	0.00	0.00	0.00
20180516183033	0.00	0.00	0.00	0.00
20180516183034	0.00	0.00	0.00	0.00
20180516183035	0.00	0.00	0.00	0.00
20180516183036	0.00	0.00	0.00	0.00
20180516183037	0.00	0.00	0.00	0.00
20180516183038	0.00	0.00	0.00	0.00
20180516183039	0.00	0.00	0.00	0.00
20180516183040	0.00	0.00	0.00	0.00
20180516183041	0.00	0.00	0.00	0.00
20180516183042	0.00	0.00	0.00	0.00
20180516183043	0.00	0.00	0.00	0.00
20180516183044	0.00	0.00	0.00	0.00
20180516183045	0.00	0.00	0.00	0.00
20180516183046	0.00	0.00	0.00	0.00
20180516183047	0.00	0.00	0.00	0.00
20180516183048	0.00	0.00	0.00	0.00
20180516183049	0.00	0.00	0.00	0.00
20180516183050	0.00	0.00	0.00	0.00
20180516183051	0.00	0.00	0.00	0.00
20180516183052	0.00	0.00	0.00	0.00
20180516183053	0.00	0.00	0.00	0.00
20180516183054	0.00	0.00	0.00	0.00
20180516183055	0.00	0.00	0.00	0.00
20180516183056	0.00	0.00	0.00	0.00
20180516183057	0.00	0.00	0.00	0.00
20180516183058	0.00	0.00	0.00	0.00
20180516183059	0.00	0.00	0.00	0.00
20180516183100	0.00	0.00	0.00	0.00
20180516183101	0.00	0.00	0.00	0.00
20180516183102	0.00	0.00	0.00	0.00
20180516183103	0.00	0.00	0.00	0.00
20180516183104	0.00	0.00	0.00	0.00
20180516183105	0.00	0.00	0.00	0.00
20180516183106	0.00	0.00	0.00	0.00
20180516183107	0.00	0.00	0.00	0.00
20180516183108	0.00	0.00	0.00	0.00
20180516183109	0.00	0.00	0.00	0.00
20180516183110	0.00	0.00	0.00	0.00
20180516183111	0.00	0.00	0.00	0.00
20180516183112	0.00	0.00	0.00	0.00
20180516183113	0.00	0.00	0.00	0.00
20180516183114	0.00	0.00	0.00	0.00
20180516183115	0.00	0.00	0.00	0.00
20180516183116	0.00	0.00	0.00	0.00
20180516183117	0.00	0.00	0.00	0.00
20180516183118	0.00	0.00	0.00	0.00
20180516183119	0.00	0.00	0.00	0.00
20180516183120	0.00	0.00	0.00	0.00
20180516183121	0.00	0.00	0.00	0.00
20180516183122	0.00	0.00	0.00	0.00
20180516183123	0.00	0.00	0.00	0.00
