20180112154756	5.20	736.50	0.00	71.10
20180112154757	5.20	736.50	0.00	71.10
20180112154758	5.20	736.50	0.00	71.10
20180112154759	5.20	736.50	0.00	71.10
20180112154800	5.20	736.50	0.00	71.10
20180112154801	5.20	736.50	0.00	71.10
20180112154802	5.20	736.50	0.00	94.50
20180112154803	5.20	736.50	0.00	94.50
20180112154804	5.20	736.50	0.00	2.70
20180112154805	5.20	736.50	0.00	2.70
20180112154806	5.20	736.50	0.00	51.80
20180112154807	5.20	736.50	0.00	51.80
20180112154808	5.20	736.50	0.00	82.60
20180112154809	5.20	736.50	0.00	82.60
20180112154810	5.20	736.50	0.00	82.60
20180112154811	5.20	736.60	0.00	91.20
20180112154812	5.20	736.60	0.00	91.20
20180112154813	5.20	736.50	0.00	81.60
20180112154814	5.20	736.50	0.00	81.60
20180112154815	5.20	736.40	0.00	32.90
20180112154816	5.20	736.40	0.00	32.90
20180112154817	5.20	736.50	0.00	14.30
20180112154818	5.20	736.50	0.00	14.30
20180112154819	5.20	736.50	0.00	7.10
20180112154820	5.20	736.50	0.00	7.10
20180112154821	5.20	736.60	0.00	4.30
20180112154822	5.20	736.60	0.00	4.30
20180112154823	5.20	736.60	0.00	4.30
20180112154824	5.20	736.50	0.00	3.20
20180112154825	5.20	736.50	0.00	3.20
20180112154826	5.20	736.50	0.00	2.90
20180112154827	5.20	736.50	0.00	2.90
20180112154828	5.20	736.50	0.00	2.60
20180112154829	5.20	736.50	0.00	2.60
20180112154830	5.20	736.60	0.00	2.70
20180112154831	5.20	736.60	0.00	2.70
20180112154832	5.20	736.50	0.00	2.70
20180112154833	5.20	736.50	0.00	2.70
20180112154834	5.20	736.60	0.00	2.70
20180112154835	5.20	736.60	0.00	2.70
20180112154836	5.20	736.50	0.00	2.50
20180112154837	5.20	736.50	0.00	2.50
20180112154838	5.20	736.50	0.00	2.70
20180112154839	5.20	736.50	0.00	2.70
20180112154840	5.20	736.60	0.00	2.50
20180112154841	5.20	736.60	0.00	2.50
20180112154842	5.20	736.50	0.00	2.50
20180112154843	5.20	736.50	0.00	2.50
20180112154844	5.20	736.50	0.00	2.50
20180112154845	5.20	736.50	0.00	2.50
20180112154846	5.20	736.50	0.00	2.50
20180112154847	5.20	736.60	0.00	2.40
20180112154848	5.20	736.60	0.00	2.40
20180112154849	5.20	736.60	0.00	2.50
20180112154850	5.20	736.60	0.00	2.50
20180112154851	5.20	736.60	0.00	2.40
20180112154852	5.20	736.60	0.00	2.40
20180112154853	5.20	736.60	0.00	2.40
20180112154854	5.20	736.60	0.00	2.40
20180112154855	5.20	736.50	0.00	2.50
20180112154856	5.20	736.50	0.00	2.50
20180112154857	5.20	736.50	0.00	2.50
20180112154858	5.20	736.50	0.00	2.50
20180112154859	5.20	736.50	0.00	2.50
20180112154900	5.20	736.50	0.00	2.50
20180112154901	5.20	736.50	0.00	2.50
20180112154902	5.20	736.60	0.00	2.40
20180112154903	5.20	736.60	0.00	2.40
20180112154904	5.20	736.50	0.00	2.50
20180112154905	5.20	736.50	0.00	2.50
20180112154906	5.20	736.50	0.00	2.50
20180112154907	5.20	736.50	0.00	2.50
20180112154908	5.20	736.50	0.00	2.50
20180112154909	5.20	736.50	0.00	2.50
20180112154910	5.20	736.50	0.00	2.50
20180112154911	5.20	736.60	0.00	2.50
20180112154912	5.20	736.60	0.00	2.50
20180112154913	5.20	736.50	0.00	2.40
20180112154914	5.20	736.50	0.00	2.40
20180112154915	5.20	736.50	0.00	2.40
20180112154916	5.20	736.50	0.00	2.40
20180112154917	5.20	736.50	0.00	2.50
20180112154918	5.20	736.50	0.00	2.50
20180112154919	5.20	736.50	0.00	2.50
20180112154920	5.20	736.50	0.00	2.50
20180112154921	5.20	736.60	0.00	59.10
20180112154922	5.20	736.60	0.00	59.10
20180112154923	5.20	736.50	0.00	85.80
20180112154924	5.20	736.50	0.00	85.80
20180112154925	5.20	736.60	0.00	93.00
20180112154926	5.20	736.60	0.00	93.00
20180112154927	5.20	736.60	0.00	93.00
20180112154928	5.20	736.60	0.00	93.70
20180112154929	5.20	736.60	0.00	93.70
20180112154930	5.20	736.60	0.00	91.90
20180112154931	5.20	736.60	0.00	91.90
20180112154932	5.20	736.60	0.00	90.20
20180112154933	5.20	736.60	0.00	90.20
20180112154934	5.20	736.50	0.00	88.60
20180112154935	5.20	736.50	0.00	88.60
20180112154936	5.20	736.60	0.00	87.10
20180112154937	5.20	736.60	0.00	87.10
20180112154938	5.20	736.50	0.00	85.90
20180112154939	5.20	736.50	0.00	85.90
20180112154940	5.20	736.50	0.00	84.70
20180112154941	5.20	736.50	0.00	84.70
20180112154942	5.20	736.50	0.00	83.70
20180112154943	5.20	736.50	0.00	83.70
20180112154944	5.20	736.50	0.00	82.90
20180112154945	5.20	736.50	0.00	82.90
20180112154946	5.20	736.50	0.00	81.90
20180112154947	5.20	736.50	0.00	81.90
20180112154948	5.20	736.50	0.00	81.90
20180112154949	5.20	736.50	0.00	81.40
20180112154950	5.20	736.50	0.00	81.40
20180112154951	5.20	736.60	0.00	80.40
20180112154952	5.20	736.60	0.00	80.40
20180112154953	5.20	736.50	0.00	79.80
20180112154954	5.20	736.50	0.00	79.80
20180112154955	5.20	736.50	0.00	79.20
20180112154956	5.20	736.50	0.00	79.20
20180112154957	5.20	736.50	0.00	78.60
20180112154958	5.20	736.50	0.00	78.60
20180112154959	5.20	736.50	0.00	78.20
20180112155000	5.20	736.50	0.00	78.20
20180112155001	5.20	736.50	0.00	78.20
20180112155002	5.20	736.50	0.00	77.70
20180112155003	5.20	736.50	0.00	77.70
20180112155004	5.20	736.50	0.00	77.30
20180112155005	5.20	736.50	0.00	77.30
20180112155006	5.20	736.50	0.00	76.90
20180112155007	5.20	736.50	0.00	76.90
20180112155008	5.20	736.60	0.00	76.50
20180112155009	5.20	736.60	0.00	76.50
20180112155010	5.20	736.60	0.00	76.50
20180112155011	5.20	736.60	0.00	76.10
20180112155012	5.20	736.60	0.00	76.10
20180112155013	5.20	736.60	0.00	75.70
20180112155014	5.20	736.60	0.00	75.70
20180112155015	5.20	736.50	0.00	75.30
20180112155016	5.20	736.50	0.00	75.30
20180112155017	5.20	736.60	0.00	74.70
20180112155018	5.20	736.60	0.00	74.70
20180112155019	5.20	736.50	0.00	74.50
20180112155020	5.20	736.50	0.00	74.50
20180112155021	5.20	736.60	0.00	74.30
20180112155022	5.20	736.60	0.00	74.30
20180112155023	5.20	736.50	0.00	73.90
20180112155024	5.20	736.50	0.00	73.90
20180112155025	5.20	736.50	0.00	73.50
20180112155026	5.20	736.50	0.00	73.50
20180112155027	5.20	736.60	0.00	73.40
20180112155028	5.20	736.60	0.00	73.40
20180112155029	5.20	736.50	0.00	73.10
20180112155030	5.20	736.50	0.00	73.10
20180112155031	5.20	736.50	0.00	73.10
20180112155032	5.20	736.60	0.00	72.80
20180112155033	5.20	736.60	0.00	72.80
20180112155034	5.20	736.60	0.00	72.40
20180112155035	5.20	736.60	0.00	72.40
20180112155036	5.20	736.60	0.00	72.10
20180112155037	5.20	736.60	0.00	72.10
20180112155038	5.20	736.50	0.00	72.00
20180112155039	5.20	736.50	0.00	72.00
20180112155040	5.20	736.60	0.00	71.80
20180112155041	5.20	736.60	0.00	71.80
20180112155042	5.20	736.60	0.00	71.60
20180112155043	5.20	736.60	0.00	71.60
20180112155044	5.20	736.60	0.00	71.20
20180112155045	5.20	736.60	0.00	71.20
20180112155046	5.20	736.50	0.00	71.20
20180112155047	5.20	736.50	0.00	71.20
20180112155048	5.20	736.50	0.00	71.20
20180112155049	5.20	736.60	0.00	71.00
20180112155050	5.20	736.60	0.00	71.00
20180112155051	5.20	736.60	0.00	70.80
20180112155052	5.20	736.60	0.00	70.80
20180112155053	5.20	736.60	0.00	70.40
20180112155054	5.20	736.60	0.00	70.40
20180112155055	5.20	736.50	0.00	70.20
20180112155056	5.20	736.50	0.00	70.20
20180112155057	5.20	736.50	0.00	70.00
20180112155058	5.20	736.50	0.00	70.00
20180112155059	5.20	736.60	0.00	70.10
20180112155100	5.20	736.60	0.00	70.10
20180112155101	5.20	736.60	0.00	70.10
20180112155102	5.20	736.60	0.00	69.80
20180112155103	5.20	736.60	0.00	69.80
20180112155104	5.20	736.50	0.00	69.50
20180112155105	5.20	736.50	0.00	69.50
20180112155106	5.20	736.50	0.00	69.40
20180112155107	5.20	736.50	0.00	69.40
20180112155108	5.20	736.50	0.00	69.20
20180112155109	5.20	736.50	0.00	69.20
20180112155110	5.20	736.50	0.00	69.30
20180112155111	5.20	736.50	0.00	69.30
20180112155112	5.20	736.50	0.00	69.10
20180112155113	5.20	736.50	0.00	69.10
20180112155114	5.20	736.50	0.00	69.10
20180112155115	5.20	736.60	0.00	67.10
20180112155116	5.20	736.60	0.00	67.10
20180112155117	5.20	736.50	0.00	21.20
20180112155118	5.20	736.50	0.00	21.20
20180112155119	5.20	736.60	0.00	9.70
20180112155120	5.20	736.60	0.00	9.70
20180112155121	5.20	736.60	0.00	5.10
20180112155122	5.20	736.60	0.00	5.10
20180112155123	5.20	736.50	0.00	3.40
20180112155124	5.20	736.50	0.00	3.40
20180112155125	5.20	736.50	0.00	2.70
20180112155126	5.20	736.50	0.00	2.70
20180112155127	5.20	736.50	0.00	2.40
20180112155128	5.20	736.50	0.00	2.40
20180112155129	5.20	736.60	0.00	2.40
20180112155130	5.20	736.60	0.00	2.40
20180112155131	5.20	736.50	0.00	2.40
20180112155132	5.20	736.50	0.00	2.40
20180112155133	5.20	736.50	0.00	2.20
20180112155134	5.20	736.50	0.00	2.20
20180112155135	5.20	736.50	0.00	2.20
20180112155136	5.20	736.60	0.00	2.20
20180112155137	5.20	736.60	0.00	2.20
20180112155138	5.20	736.60	0.00	22.20
20180112155139	5.20	736.60	0.00	22.20
20180112155140	5.20	736.50	0.00	67.20
20180112155141	5.20	736.50	0.00	67.20
20180112155142	5.20	736.50	0.00	80.20
20180112155143	5.20	736.50	0.00	80.20
20180112155144	5.20	736.50	0.00	82.50
20180112155145	5.20	736.50	0.00	82.50
20180112155146	5.20	736.50	0.00	81.90
20180112155147	5.20	736.50	0.00	81.90
20180112155148	5.20	736.50	0.00	80.30
20180112155149	5.20	736.50	0.00	80.30
20180112155150	5.20	736.50	0.00	80.30
20180112155151	5.20	736.50	0.00	79.00
20180112155152	5.20	736.50	0.00	79.00
20180112155153	5.20	736.60	0.00	77.60
20180112155154	5.20	736.60	0.00	77.60
20180112155155	5.20	736.50	0.00	76.40
20180112155156	5.20	736.50	0.00	76.40
20180112155157	5.20	736.50	0.00	75.50
20180112155158	5.20	736.50	0.00	75.50
20180112155159	5.20	736.50	0.00	74.50
20180112155200	5.20	736.50	0.00	74.50
20180112155201	5.20	736.50	0.00	74.50
20180112155202	5.20	736.50	0.00	73.90
20180112155203	5.20	736.50	0.00	73.90
20180112155204	5.20	736.50	0.00	73.10
20180112155205	5.20	736.50	0.00	73.10
20180112155206	5.20	736.50	0.00	72.70
20180112155207	5.20	736.50	0.00	72.70
20180112155208	5.20	736.50	0.00	72.10
20180112155209	5.20	736.50	0.00	72.10
20180112155210	5.20	736.60	0.00	71.60
20180112155211	5.20	736.60	0.00	71.60
20180112155212	5.20	736.50	0.00	71.20
20180112155213	5.20	736.50	0.00	71.20
20180112155214	5.20	736.50	0.00	70.80
20180112155215	5.20	736.50	0.00	70.80
20180112155216	5.20	736.40	0.00	70.40
20180112155217	5.20	736.40	0.00	70.40
20180112155218	5.20	736.40	0.00	70.40
20180112155219	5.20	736.50	0.00	70.20
20180112155220	5.20	736.50	0.00	70.20
20180112155221	5.20	736.50	0.00	69.60
20180112155222	5.20	736.50	0.00	69.60
20180112155223	5.20	736.60	0.00	69.40
20180112155224	5.20	736.60	0.00	69.40
20180112155225	5.20	736.50	0.00	69.00
20180112155226	5.20	736.50	0.00	69.00
20180112155227	5.20	736.50	0.00	68.90
20180112155228	5.20	736.50	0.00	68.90
20180112155229	5.20	736.50	0.00	68.70
20180112155230	5.20	736.50	0.00	68.70
20180112155231	5.20	736.50	0.00	68.30
20180112155232	5.20	736.50	0.00	68.30
20180112155233	5.20	736.50	0.00	68.00
20180112155234	5.20	736.50	0.00	68.00
20180112155235	5.20	736.50	0.00	67.80
20180112155236	5.20	736.50	0.00	67.80
20180112155237	5.20	736.50	0.00	67.80
20180112155238	5.20	736.50	0.00	67.60
20180112155239	5.20	736.50	0.00	67.60
20180112155240	5.20	736.50	0.00	67.30
20180112155241	5.20	736.50	0.00	67.30
20180112155242	5.20	736.50	0.00	67.10
20180112155243	5.20	736.50	0.00	67.10
20180112155244	5.20	736.50	0.00	66.90
20180112155245	5.20	736.50	0.00	66.90
20180112155246	5.20	736.50	0.00	66.90
20180112155247	5.20	736.50	0.00	66.90
20180112155248	5.20	736.50	0.00	66.90
20180112155249	5.20	736.40	0.00	66.70
20180112155250	5.20	736.40	0.00	66.70
20180112155251	5.20	736.50	0.00	66.30
20180112155252	5.20	736.50	0.00	66.30
20180112155253	5.20	736.50	0.00	66.10
20180112155254	5.20	736.50	0.00	66.10
20180112155255	5.20	736.50	0.00	66.00
20180112155256	5.20	736.50	0.00	66.00
20180112155257	5.20	736.50	0.00	65.90
20180112155258	5.20	736.50	0.00	65.90
20180112155259	5.20	736.60	0.00	65.70
20180112155300	5.20	736.60	0.00	65.70
20180112155301	5.20	736.60	0.00	65.70
20180112155302	5.20	736.50	0.00	65.50
20180112155303	5.20	736.50	0.00	65.50
20180112155304	5.20	736.50	0.00	65.30
20180112155305	5.20	736.50	0.00	65.30
20180112155306	5.20	736.50	0.00	65.30
20180112155307	5.20	736.50	0.00	65.30
20180112155308	5.20	736.50	0.00	65.10
20180112155309	5.20	736.50	0.00	65.10
20180112155310	5.20	736.50	0.00	65.20
20180112155311	5.20	736.50	0.00	65.20
20180112155312	5.20	736.40	0.00	64.90
20180112155313	5.20	736.40	0.00	64.90
20180112155314	5.20	736.50	0.00	64.70
20180112155315	5.20	736.50	0.00	64.70
20180112155316	5.20	736.60	0.00	64.50
20180112155317	5.20	736.60	0.00	64.50
20180112155318	5.20	736.50	0.00	64.50
20180112155319	5.20	736.50	0.00	64.50
20180112155320	5.20	736.50	0.00	64.30
20180112155321	5.20	736.50	0.00	64.30
20180112155322	5.20	736.50	0.00	64.30
20180112155323	5.20	736.50	0.00	64.30
20180112155324	5.20	736.50	0.00	64.30
20180112155325	5.20	736.40	0.00	63.90
20180112155326	5.20	736.40	0.00	63.90
20180112155327	5.20	736.50	0.00	63.90
20180112155328	5.20	736.50	0.00	63.90
20180112155329	5.20	736.50	0.00	63.70
20180112155330	5.20	736.50	0.00	63.70
20180112155331	5.20	736.60	0.00	63.70
20180112155332	5.20	736.60	0.00	63.70
20180112155333	5.20	736.60	0.00	63.70
20180112155334	5.20	736.60	0.00	63.70
20180112155335	5.20	736.60	0.00	63.70
20180112155336	5.20	736.50	0.00	63.50
20180112155337	5.20	736.50	0.00	63.50
20180112155338	5.20	736.50	0.00	63.30
20180112155339	5.20	736.50	0.00	63.30
20180112155340	5.20	736.50	0.00	63.10
20180112155341	5.20	736.50	0.00	63.10
20180112155342	5.20	736.50	0.00	63.10
20180112155343	5.20	736.50	0.00	63.10
20180112155344	5.20	736.50	0.00	63.10
20180112155345	5.20	736.50	0.00	63.10
20180112155346	5.20	736.50	0.00	63.10
20180112155347	5.20	736.50	0.00	62.90
20180112155348	5.20	736.50	0.00	62.90
20180112155349	5.20	736.50	0.00	62.90
20180112155350	5.20	736.50	0.00	62.90
20180112155351	5.20	736.50	0.00	62.70
20180112155352	5.20	736.50	0.00	62.70
20180112155353	5.20	736.60	0.00	62.60
20180112155354	5.20	736.60	0.00	62.60
20180112155355	5.20	736.60	0.00	62.30
20180112155356	5.20	736.60	0.00	62.30
20180112155357	5.20	736.50	0.00	62.30
20180112155358	5.20	736.50	0.00	62.30
20180112155359	5.20	736.60	0.00	62.40
20180112155400	5.20	736.60	0.00	62.40
20180112155401	5.20	736.50	0.00	62.30
20180112155402	5.20	736.50	0.00	62.30
20180112155403	5.20	736.60	0.00	62.10
20180112155404	5.20	736.60	0.00	62.10
20180112155405	5.20	736.60	0.00	62.10
20180112155406	5.20	736.50	0.00	61.90
20180112155407	5.20	736.50	0.00	61.90
20180112155408	5.20	736.50	0.00	61.70
20180112155409	5.20	736.50	0.00	61.70
20180112155410	5.20	736.60	0.00	61.80
20180112155411	5.20	736.60	0.00	61.80
20180112155412	5.20	736.60	0.00	61.70
20180112155413	5.20	736.60	0.00	61.70
20180112155414	5.20	736.60	0.00	61.80
20180112155415	5.20	736.60	0.00	61.80
20180112155416	5.20	736.60	0.00	61.60
20180112155417	5.20	736.60	0.00	61.60
20180112155418	5.20	736.50	0.00	61.50
20180112155419	5.20	736.50	0.00	61.50
20180112155420	5.20	736.60	0.00	61.40
20180112155421	5.20	736.60	0.00	61.40
20180112155422	5.20	736.60	0.00	61.40
20180112155423	5.20	736.60	0.00	61.10
20180112155424	5.20	736.60	0.00	61.10
20180112155425	5.20	736.60	0.00	61.20
20180112155426	5.20	736.60	0.00	61.20
20180112155427	5.20	736.50	0.00	61.20
20180112155428	5.20	736.50	0.00	61.20
20180112155429	5.20	736.50	0.00	61.20
20180112155430	5.20	736.50	0.00	61.20
20180112155431	5.20	736.60	0.00	61.00
20180112155432	5.20	736.60	0.00	61.00
20180112155433	5.20	736.60	0.00	61.00
20180112155434	5.20	736.50	0.00	61.00
20180112155435	5.20	736.50	0.00	61.00
20180112155436	5.20	736.50	0.00	60.80
20180112155437	5.20	736.50	0.00	60.80
20180112155438	5.20	736.50	0.00	60.80
20180112155439	5.20	736.50	0.00	60.80
20180112155440	5.20	736.50	0.00	60.60
20180112155441	5.20	736.50	0.00	60.60
20180112155442	5.20	736.50	0.00	60.60
20180112155443	5.20	736.50	0.00	60.60
20180112155444	5.20	736.50	0.00	60.60
20180112155445	5.20	736.50	0.00	60.60
20180112155446	5.20	736.50	0.00	60.60
20180112155447	5.20	736.50	0.00	60.60
20180112155448	5.20	736.50	0.00	60.60
20180112155449	5.20	736.40	0.00	60.30
20180112155450	5.20	736.40	0.00	60.30
20180112155451	5.20	736.60	0.00	60.10
20180112155452	5.20	736.60	0.00	60.10
20180112155453	5.20	736.40	0.00	60.20
20180112155454	5.20	736.40	0.00	60.20
20180112155455	5.20	736.60	0.00	60.20
20180112155456	5.20	736.60	0.00	60.20
20180112155457	5.20	736.50	0.00	60.20
20180112155458	5.20	736.50	0.00	60.20
20180112155459	5.20	736.50	0.00	60.00
20180112155500	5.20	736.50	0.00	60.00
20180112155501	5.20	736.40	0.00	60.00
20180112155502	5.20	736.40	0.00	60.00
20180112155503	5.20	736.50	0.00	60.00
20180112155504	5.20	736.50	0.00	60.00
20180112155505	5.20	736.50	0.00	59.80
20180112155506	5.20	736.50	0.00	59.80
20180112155507	5.20	736.60	0.00	59.60
20180112155508	5.20	736.60	0.00	59.60
20180112155509	5.20	736.60	0.00	59.60
20180112155510	5.20	736.60	0.00	59.60
20180112155511	5.20	736.60	0.00	59.60
20180112155512	5.20	736.50	0.00	59.60
20180112155513	5.20	736.50	0.00	59.60
20180112155514	5.20	736.60	0.00	59.60
20180112155515	5.20	736.60	0.00	59.60
20180112155516	5.20	736.50	0.00	59.60
20180112155517	5.20	736.50	0.00	59.60
20180112155518	5.20	736.50	0.00	59.40
20180112155519	5.20	736.50	0.00	59.40
20180112155520	5.20	736.50	0.00	59.40
20180112155521	5.20	736.50	0.00	59.40
20180112155522	5.20	736.50	0.00	59.40
20180112155523	5.20	736.50	0.00	59.20
20180112155524	5.20	736.50	0.00	59.20
20180112155525	5.20	736.50	0.00	59.00
20180112155526	5.20	736.50	0.00	59.00
20180112155527	5.20	736.60	0.00	59.00
20180112155528	5.20	736.60	0.00	59.00
20180112155529	5.20	736.40	0.00	59.00
20180112155530	5.20	736.40	0.00	59.00
20180112155531	5.20	736.40	0.00	59.00
20180112155532	5.20	736.50	0.00	59.00
20180112155533	5.20	736.50	0.00	59.00
20180112155534	5.20	736.50	0.00	59.00
20180112155535	5.20	736.50	0.00	59.00
20180112155536	5.20	736.60	0.00	58.80
20180112155537	5.20	736.60	0.00	58.80
20180112155538	5.20	736.60	0.00	58.80
20180112155539	5.20	736.60	0.00	58.80
20180112155540	5.20	736.50	0.00	58.60
20180112155541	5.20	736.50	0.00	58.60
20180112155542	5.20	736.60	0.00	58.60
20180112155543	5.20	736.60	0.00	58.60
20180112155544	5.20	736.50	0.00	58.60
20180112155545	5.20	736.50	0.00	58.60
20180112155546	5.20	736.50	0.00	58.60
20180112155547	5.20	736.50	0.00	58.60
20180112155548	5.20	736.50	0.00	58.60
20180112155549	5.20	736.50	0.00	58.60
20180112155550	5.20	736.60	0.00	58.40
20180112155551	5.20	736.60	0.00	58.40
20180112155552	5.20	736.60	0.00	58.40
20180112155553	5.20	736.50	0.00	58.40
20180112155554	5.20	736.50	0.00	58.40
20180112155555	5.20	736.60	0.00	58.20
20180112155556	5.20	736.60	0.00	58.20
20180112155557	5.20	736.60	0.00	40.10
20180112155558	5.20	736.60	0.00	40.10
20180112155559	5.20	736.50	0.00	41.30
20180112155600	5.20	736.50	0.00	41.30
20180112155601	5.20	736.60	0.00	32.30
20180112155602	5.20	736.60	0.00	32.30
20180112155603	5.20	736.60	0.00	32.30
20180112155604	5.20	736.50	0.00	41.20
20180112155605	5.20	736.50	0.00	41.20
20180112155606	5.20	736.50	0.00	50.40
20180112155607	5.20	736.50	0.00	50.40
20180112155608	5.20	736.60	0.00	54.30
20180112155609	5.20	736.60	0.00	54.30
20180112155610	5.20	736.60	0.00	46.30
20180112155611	5.20	736.60	0.00	46.30
20180112155612	5.20	736.60	0.00	50.80
20180112155613	5.20	736.60	0.00	50.80
20180112155614	5.20	736.60	0.00	50.80
20180112155615	5.20	736.50	0.00	53.00
20180112155616	5.20	736.50	0.00	53.00
20180112155617	5.20	736.60	0.00	57.00
20180112155618	5.20	736.60	0.00	57.00
20180112155619	5.20	736.60	0.00	58.20
20180112155620	5.20	736.60	0.00	58.20
20180112155621	5.20	736.60	0.00	58.60
20180112155622	5.20	736.60	0.00	58.60
20180112155623	5.20	736.60	0.00	58.80
20180112155624	5.20	736.60	0.00	58.80
20180112155625	5.20	736.60	0.00	58.60
20180112155626	5.20	736.60	0.00	58.60
20180112155627	5.20	736.50	0.00	58.60
20180112155628	5.20	736.50	0.00	58.60
20180112155629	5.20	736.50	0.00	58.60
20180112155630	5.20	736.50	0.00	58.60
20180112155631	5.20	736.50	0.00	58.60
20180112155632	5.20	736.50	0.00	58.60
20180112155633	5.20	736.50	0.00	58.60
20180112155634	5.20	736.50	0.00	58.40
20180112155635	5.20	736.50	0.00	58.40
20180112155636	5.20	736.60	0.00	58.40
20180112155637	5.20	736.60	0.00	58.40
20180112155638	5.20	736.50	0.00	58.40
20180112155639	5.20	736.50	0.00	58.40
20180112155640	5.20	736.50	0.00	58.20
20180112155641	5.20	736.50	0.00	58.20
20180112155642	5.20	736.60	0.00	39.60
20180112155643	5.20	736.60	0.00	39.60
20180112155644	5.20	736.60	0.00	39.60
20180112155645	5.20	736.60	0.00	16.20
20180112155646	5.20	736.60	0.00	16.20
20180112155647	5.20	736.50	0.00	7.40
20180112155648	5.20	736.50	0.00	7.40
20180112155649	5.20	736.60	0.00	3.90
20180112155650	5.20	736.60	0.00	3.90
20180112155651	5.20	736.50	0.00	2.50
20180112155652	5.20	736.50	0.00	2.50
20180112155653	5.20	736.40	0.00	2.10
20180112155654	5.20	736.40	0.00	2.10
20180112155655	5.20	736.50	0.00	1.90
20180112155656	5.20	736.50	0.00	1.90
20180112155657	5.20	736.50	0.00	1.90
20180112155658	5.20	736.50	0.00	1.70
20180112155659	5.20	736.50	0.00	1.70
20180112155700	5.20	736.60	0.00	1.70
20180112155701	5.20	736.60	0.00	1.70
20180112155702	5.20	736.60	0.00	1.70
20180112155703	5.20	736.60	0.00	1.70
20180112155704	5.20	736.50	0.00	1.70
20180112155705	5.20	736.50	0.00	1.70
20180112155706	5.20	736.50	0.00	1.70
20180112155707	5.20	736.50	0.00	1.70
20180112155708	5.20	736.50	0.00	1.70
20180112155709	5.20	736.50	0.00	1.70
20180112155710	5.20	736.60	0.00	1.70
20180112155711	5.20	736.60	0.00	1.70
20180112155712	5.20	736.60	0.00	1.70
20180112155713	5.20	736.60	0.00	1.70
20180112155714	5.20	736.50	0.00	1.70
20180112155715	5.20	736.50	0.00	1.70
20180112155716	5.20	736.50	0.00	1.70
20180112155717	5.20	736.50	0.00	1.70
20180112155718	5.20	736.50	0.00	1.70
20180112155719	5.20	736.40	0.00	1.50
20180112155720	5.20	736.40	0.00	1.50
20180112155721	5.20	736.40	0.00	1.80
20180112155722	5.20	736.40	0.00	1.80
20180112155723	5.20	736.50	0.00	54.80
20180112155724	5.20	736.50	0.00	54.80
20180112155725	5.20	736.60	0.00	71.30
20180112155726	5.20	736.60	0.00	71.30
20180112155727	5.20	736.50	0.00	74.60
20180112155728	5.20	736.50	0.00	74.60
20180112155729	5.20	736.60	0.00	62.70
20180112155730	5.20	736.60	0.00	62.70
20180112155731	5.20	736.60	0.00	62.70
20180112155732	5.20	736.60	0.00	56.00
20180112155733	5.20	736.60	0.00	56.00
20180112155734	5.20	736.50	0.00	60.30
20180112155735	5.20	736.50	0.00	60.30
20180112155736	5.20	736.50	0.00	52.00
20180112155737	5.20	736.50	0.00	52.00
20180112155738	5.20	736.50	0.00	47.00
20180112155739	5.20	736.50	0.00	47.00
20180112155740	5.20	736.60	0.00	57.20
20180112155741	5.20	736.60	0.00	57.20
20180112155742	5.20	736.60	0.00	57.20
20180112155743	5.20	736.50	0.00	28.90
20180112155744	5.20	736.50	0.00	28.90
20180112155745	5.20	736.50	0.00	12.20
20180112155746	5.20	736.50	0.00	12.20
20180112155747	5.20	736.60	0.00	5.70
20180112155748	5.20	736.60	0.00	5.70
20180112155749	5.20	736.50	0.00	14.10
20180112155750	5.20	736.50	0.00	14.10
20180112155751	5.20	736.50	0.00	44.70
20180112155752	5.20	736.50	0.00	44.70
20180112155753	5.20	736.60	0.00	56.00
20180112155754	5.20	736.60	0.00	56.00
20180112155755	5.20	736.50	0.00	58.90
20180112155756	5.20	736.50	0.00	58.90
20180112155757	5.20	736.70	0.00	60.30
20180112155758	5.20	736.70	0.00	60.30
20180112155759	5.20	736.60	0.00	60.30
20180112155800	5.20	736.60	0.00	60.30
20180112155801	5.20	736.60	0.00	60.30
20180112155802	5.20	736.60	0.00	55.60
20180112155803	5.20	736.60	0.00	55.60
20180112155804	5.20	736.50	0.00	46.60
20180112155805	5.20	736.50	0.00	46.60
20180112155806	5.20	736.50	0.00	55.20
20180112155807	5.20	736.50	0.00	55.20
20180112155808	5.20	736.50	0.00	58.70
20180112155809	5.20	736.50	0.00	58.70
20180112155810	5.20	736.50	0.00	60.00
20180112155811	5.20	736.50	0.00	60.00
20180112155812	5.20	736.50	0.00	57.60
20180112155813	5.20	736.50	0.00	57.60
20180112155814	5.20	736.50	0.00	58.70
20180112155815	5.20	736.50	0.00	58.70
20180112155816	5.20	736.50	0.00	43.20
20180112155817	5.20	736.50	0.00	43.20
20180112155818	5.20	736.50	0.00	43.20
20180112155819	5.20	736.50	0.00	53.20
20180112155820	5.20	736.50	0.00	53.20
20180112155821	5.20	736.50	0.00	57.00
20180112155822	5.20	736.50	0.00	57.00
20180112155823	5.20	736.50	0.00	56.60
20180112155824	5.20	736.50	0.00	56.60
20180112155825	5.20	736.50	0.00	57.20
20180112155826	5.20	736.50	0.00	57.20
20180112155827	5.20	736.60	0.00	58.20
20180112155828	5.20	736.60	0.00	58.20
20180112155829	5.20	736.60	0.00	58.20
20180112155830	5.20	736.60	0.00	58.30
20180112155831	5.20	736.60	0.00	58.30
20180112155832	5.20	736.60	0.00	58.20
20180112155833	5.20	736.60	0.00	58.20
20180112155834	5.20	736.50	0.00	58.20
20180112155835	5.20	736.50	0.00	58.20
20180112155836	5.20	736.50	0.00	57.90
20180112155837	5.20	736.50	0.00	57.90
20180112155838	5.20	736.50	0.00	57.90
20180112155839	5.20	736.50	0.00	57.90
20180112155840	5.20	736.40	0.00	57.70
20180112155841	5.20	736.40	0.00	57.70
20180112155842	5.20	736.50	0.00	57.60
20180112155843	5.20	736.50	0.00	57.60
20180112155844	5.20	736.50	0.00	57.60
20180112155845	5.20	736.40	0.00	57.60
20180112155846	5.20	736.40	0.00	57.60
20180112155847	5.20	736.50	0.00	57.40
20180112155848	5.20	736.50	0.00	57.40
20180112155849	5.20	736.60	0.00	57.10
20180112155850	5.20	736.60	0.00	57.10
20180112155851	5.20	736.40	0.00	57.00
20180112155852	5.20	736.40	0.00	57.00
20180112155853	5.20	736.50	0.00	57.00
20180112155854	5.20	736.50	0.00	57.00
20180112155855	5.20	736.50	0.00	56.70
20180112155856	5.20	736.50	0.00	56.70
20180112155857	5.20	736.50	0.00	56.80
20180112155858	5.20	736.50	0.00	56.80
20180112155859	5.20	736.50	0.00	56.60
20180112155900	5.20	736.50	0.00	56.60
20180112155901	5.20	736.50	0.00	56.40
20180112155902	5.20	736.50	0.00	56.40
20180112155903	5.20	736.50	0.00	56.40
20180112155904	5.20	736.50	0.00	56.40
20180112155905	5.20	736.50	0.00	56.40
20180112155906	5.20	736.50	0.00	11.20
20180112155907	5.20	736.50	0.00	11.20
20180112155908	5.20	736.50	0.00	11.20
20180112155909	5.20	736.50	0.00	11.20
20180112155910	5.20	736.50	0.00	11.20
20180112155911	5.20	736.50	0.00	11.20
20180112155912	5.20	736.50	0.00	11.20
20180112155913	5.20	736.50	0.00	11.20
20180112155914	5.20	736.50	0.00	11.20
20180112155915	5.20	736.50	0.00	10.90
20180112155916	5.20	736.50	0.00	10.90
20180112155917	5.20	736.50	0.00	10.60
20180112155918	5.20	736.50	0.00	10.60
20180112155919	5.20	736.50	0.00	9.12
20180112155920	5.20	736.50	0.00	9.12
20180112155921	5.20	736.40	0.00	3.66
20180112155922	5.20	736.40	0.00	3.66
20180112155923	5.20	736.50	0.00	1.60
20180112155924	5.20	736.50	0.00	1.60
20180112155925	5.20	736.40	0.00	0.81
20180112155926	5.20	736.40	0.00	0.81
20180112155927	5.20	736.40	0.00	0.81
20180112155928	5.20	736.50	0.00	0.49
20180112155929	5.20	736.50	0.00	0.49
20180112155930	5.20	736.40	0.00	0.33
20180112155931	5.20	736.40	0.00	0.33
20180112155932	5.20	736.40	0.00	6.06
20180112155933	5.20	736.40	0.00	6.06
20180112155934	5.20	736.50	0.00	11.60
20180112155935	5.20	736.50	0.00	11.60
20180112155936	5.20	736.50	0.00	12.90
20180112155937	5.20	736.50	0.00	12.90
20180112155938	5.20	736.50	0.00	11.20
20180112155939	5.20	736.50	0.00	11.20
20180112155940	5.20	736.50	0.00	11.30
20180112155941	5.20	736.50	0.00	11.30
20180112155942	5.20	736.40	0.00	11.70
20180112155943	5.20	736.40	0.00	11.70
20180112155944	5.20	736.40	0.00	11.70
20180112155945	5.20	736.40	0.00	11.70
20180112155946	5.20	736.40	0.00	11.80
20180112155947	5.20	736.40	0.00	11.80
20180112155948	5.20	736.40	0.00	11.80
20180112155949	5.20	736.50	0.00	5.48
20180112155950	5.20	736.50	0.00	5.48
20180112155951	5.20	736.50	0.00	1.80
20180112155952	5.20	736.50	0.00	1.80
20180112155953	5.20	736.40	0.00	0.85
20180112155954	5.20	736.40	0.00	0.85
20180112155955	5.20	736.50	0.00	0.49
20180112155956	5.20	736.50	0.00	0.49
20180112155957	5.20	736.50	0.00	0.37
20180112155958	5.20	736.50	0.00	0.37
20180112155959	5.20	736.50	0.00	0.34
20180112160000	5.20	736.50	0.00	0.34
20180112160001	5.20	736.50	0.00	0.34
20180112160002	5.20	736.50	0.00	0.29
20180112160003	5.20	736.50	0.00	0.29
20180112160004	5.20	736.40	0.00	0.30
20180112160005	5.20	736.40	0.00	0.30
20180112160006	5.20	736.50	0.00	0.29
20180112160007	5.20	736.50	0.00	0.29
20180112160008	5.20	736.40	0.00	0.29
20180112160009	5.20	736.40	0.00	0.29
20180112160010	5.20	736.40	0.00	0.29
20180112160011	5.20	736.40	0.00	0.29
20180112160012	5.20	736.40	0.00	0.29
20180112160013	5.20	736.40	0.00	0.26
20180112160014	5.20	736.40	0.00	0.26
20180112160015	5.20	736.50	0.00	0.26
20180112160016	5.20	736.50	0.00	0.26
20180112160017	5.20	736.50	0.00	0.26
20180112160018	5.20	736.50	0.00	0.26
20180112160019	5.20	736.50	0.00	0.26
20180112160020	5.20	736.50	0.00	0.26
20180112160021	5.20	736.50	0.00	0.25
20180112160022	5.20	736.50	0.00	0.25
20180112160023	5.20	736.50	0.00	0.25
20180112160024	5.20	736.50	0.00	0.25
20180112160025	5.20	736.40	0.00	0.25
20180112160026	5.20	736.40	0.00	0.25
20180112160027	5.20	736.50	0.00	0.25
20180112160028	5.20	736.50	0.00	0.25
20180112160029	5.20	736.50	0.00	0.34
20180112160030	5.20	736.50	0.00	0.34
20180112160031	5.20	736.50	0.00	0.34
20180112160032	5.20	736.40	0.00	0.30
20180112160033	5.20	736.40	0.00	0.30
20180112160034	5.20	736.50	0.00	0.20
20180112160035	5.20	736.50	0.00	0.20
20180112160036	5.20	736.40	0.00	0.10
20180112160037	5.20	736.40	0.00	0.10
20180112160038	5.20	736.50	0.00	0.00
20180112160039	5.20	736.50	0.00	0.00
20180112160040	5.20	736.50	0.00	0.00
20180112160041	5.20	736.50	0.00	0.00
20180112160042	5.20	736.50	0.00	0.00
20180112160043	5.20	736.40	0.00	0.00
20180112160044	5.20	736.40	0.00	0.00
20180112160045	5.20	736.50	0.00	0.20
20180112160046	5.20	736.50	0.00	0.20
20180112160047	5.20	736.50	0.00	3.51
20180112160048	5.20	736.50	0.00	3.51
20180112160049	5.20	736.50	0.00	12.20
20180112160050	5.20	736.50	0.00	12.20
20180112160051	5.20	736.50	0.00	14.50
20180112160052	5.20	736.50	0.00	14.50
20180112160053	5.20	736.50	0.00	14.50
20180112160054	5.20	736.40	0.00	14.80
20180112160055	5.20	736.40	0.00	14.80
20180112160056	5.20	736.40	0.00	14.50
20180112160057	5.20	736.40	0.00	14.50
20180112160058	5.20	736.40	0.00	14.10
20180112160059	5.20	736.40	0.00	14.10
20180112160100	5.20	736.50	0.00	13.80
20180112160101	5.20	736.50	0.00	13.80
20180112160102	5.20	736.50	0.00	13.50
20180112160103	5.20	736.50	0.00	13.50
20180112160104	5.20	736.60	0.00	13.30
20180112160105	5.20	736.60	0.00	13.30
20180112160106	5.20	736.50	0.00	13.10
20180112160107	5.20	736.50	0.00	13.10
20180112160108	5.20	736.50	0.00	12.90
20180112160109	5.20	736.50	0.00	12.90
20180112160110	5.20	736.50	0.00	12.70
20180112160111	5.20	736.50	0.00	12.70
20180112160112	5.20	736.50	0.00	12.60
20180112160113	5.20	736.50	0.00	12.60
20180112160114	5.20	736.50	0.00	12.60
20180112160115	5.20	736.40	0.00	12.40
20180112160116	5.20	736.40	0.00	12.40
20180112160117	5.20	736.50	0.00	12.30
20180112160118	5.20	736.50	0.00	12.30
20180112160119	5.20	736.50	0.00	12.20
20180112160120	5.20	736.50	0.00	12.20
20180112160121	5.20	736.50	0.00	12.10
20180112160122	5.20	736.50	0.00	12.10
20180112160123	5.20	736.40	0.00	12.00
20180112160124	5.20	736.40	0.00	12.00
20180112160125	5.20	736.30	0.00	11.90
20180112160126	5.20	736.30	0.00	11.90
20180112160127	5.20	736.50	0.00	11.80
20180112160128	5.20	736.50	0.00	11.80
20180112160129	5.20	736.50	0.00	11.80
20180112160130	5.20	736.50	0.00	11.80
20180112160131	5.20	736.50	0.00	11.80
20180112160132	5.20	736.50	0.00	11.70
20180112160133	5.20	736.50	0.00	11.70
20180112160134	5.20	736.50	0.00	11.60
20180112160135	5.20	736.50	0.00	11.60
20180112160136	5.20	736.50	0.00	11.50
20180112160137	5.20	736.50	0.00	11.50
20180112160138	5.20	736.50	0.00	11.50
20180112160139	5.20	736.50	0.00	11.50
20180112160140	5.20	736.50	0.00	11.50
20180112160141	5.20	736.50	0.00	11.40
20180112160142	5.20	736.50	0.00	11.40
20180112160143	5.20	736.40	0.00	11.40
20180112160144	5.20	736.40	0.00	11.40
20180112160145	5.20	736.40	0.00	11.30
20180112160146	5.20	736.40	0.00	11.30
20180112160147	5.20	736.50	0.00	11.30
20180112160148	5.20	736.50	0.00	11.30
20180112160149	5.20	736.40	0.00	56.20
20180112160150	5.20	736.40	0.00	56.20
20180112160151	5.20	736.40	0.00	56.00
20180112160152	5.20	736.40	0.00	56.00
20180112160153	5.20	736.40	0.00	55.70
20180112160154	5.20	736.40	0.00	55.70
20180112160155	5.20	736.40	0.00	46.50
20180112160156	5.20	736.40	0.00	46.50
20180112160157	5.20	736.40	0.00	46.50
20180112160158	5.20	736.50	0.00	48.40
20180112160159	5.20	736.50	0.00	48.40
20180112160200	5.20	736.40	0.00	46.10
20180112160201	5.20	736.40	0.00	46.10
20180112160202	5.20	736.40	0.00	40.50
20180112160203	5.20	736.40	0.00	40.50
20180112160204	5.20	736.40	0.00	41.60
20180112160205	5.20	736.40	0.00	41.60
20180112160206	5.20	736.40	0.00	45.50
20180112160207	5.20	736.40	0.00	45.50
20180112160208	5.20	736.40	0.00	50.80
20180112160209	5.20	736.40	0.00	50.80
20180112160210	5.20	736.40	0.00	40.00
20180112160211	5.20	736.40	0.00	40.00
20180112160212	5.20	736.30	0.00	15.70
20180112160213	5.20	736.30	0.00	15.70
20180112160214	5.20	736.40	0.00	6.70
20180112160215	5.20	736.40	0.00	6.70
20180112160216	5.20	736.40	0.00	6.70
20180112160217	5.20	736.40	0.00	2.90
20180112160218	5.20	736.40	0.00	2.90
20180112160219	5.20	736.30	0.00	1.80
20180112160220	5.20	736.30	0.00	1.80
20180112160221	5.20	736.30	0.00	1.30
20180112160222	5.20	736.30	0.00	1.30
20180112160223	5.20	736.40	0.00	47.90
20180112160224	5.20	736.40	0.00	47.90
20180112160225	5.20	736.40	0.00	47.90
20180112160226	5.20	736.50	0.00	60.90
20180112160227	5.20	736.50	0.00	60.90
20180112160228	5.20	736.40	0.00	63.40
20180112160229	5.20	736.40	0.00	63.40
20180112160230	5.20	736.40	0.00	57.10
20180112160231	5.20	736.40	0.00	57.10
20180112160232	5.20	736.40	0.00	21.60
20180112160233	5.20	736.40	0.00	21.60
20180112160234	5.20	736.50	0.00	9.00
20180112160235	5.20	736.50	0.00	9.00
20180112160236	5.20	736.50	0.00	3.90
20180112160237	5.20	736.50	0.00	3.90
20180112160238	5.20	736.40	0.00	2.10
20180112160239	5.20	736.40	0.00	2.10
20180112160240	5.20	736.40	0.00	2.10
20180112160241	5.20	736.40	0.00	1.40
20180112160242	5.20	736.40	0.00	1.40
20180112160243	5.20	736.40	0.00	1.00
20180112160244	5.20	736.40	0.00	1.00
20180112160245	5.20	736.40	0.00	0.90
20180112160246	5.20	736.40	0.00	0.90
20180112160247	5.20	736.40	0.00	1.00
20180112160248	5.20	736.40	0.00	1.00
20180112160249	5.20	736.40	0.00	0.90
20180112160250	5.20	736.40	0.00	0.90
20180112160251	5.20	736.30	0.00	0.70
20180112160252	5.20	736.30	0.00	0.70
20180112160253	5.20	736.40	0.00	0.80
20180112160254	5.20	736.40	0.00	0.80
20180112160255	5.20	736.40	0.00	0.80
20180112160256	5.20	736.40	0.00	0.80
20180112160257	5.20	736.40	0.00	0.80
20180112160258	5.20	736.40	0.00	0.80
20180112160259	5.20	736.40	0.00	0.80
20180112160300	5.20	736.30	0.00	0.80
20180112160301	5.20	736.30	0.00	0.80
20180112160302	5.20	736.50	0.00	0.80
20180112160303	5.20	736.50	0.00	0.80
20180112160304	5.20	736.30	0.00	0.70
20180112160305	5.20	736.30	0.00	0.70
20180112160306	5.20	736.30	0.00	0.70
20180112160307	5.20	736.30	0.00	0.70
20180112160308	5.20	736.40	0.00	0.70
20180112160309	5.20	736.40	0.00	0.70
20180112160310	5.20	736.40	0.00	0.80
20180112160311	5.20	736.40	0.00	0.80
20180112160312	5.20	736.40	0.00	0.80
20180112160313	5.20	736.30	0.00	0.80
20180112160314	5.20	736.30	0.00	0.80
20180112160315	5.20	736.40	0.00	0.70
20180112160316	5.20	736.40	0.00	0.70
20180112160317	5.20	736.50	0.00	0.80
20180112160318	5.20	736.50	0.00	0.80
20180112160319	5.20	736.40	0.00	0.70
20180112160320	5.20	736.40	0.00	0.70
20180112160321	5.20	736.40	0.00	0.70
20180112160322	5.20	736.40	0.00	0.70
20180112160323	5.20	736.40	0.00	0.70
20180112160324	5.20	736.40	0.00	0.80
20180112160325	5.20	736.40	0.00	0.80
20180112160326	5.20	736.50	0.00	0.80
20180112160327	5.20	736.50	0.00	0.80
20180112160328	5.20	736.50	0.00	0.70
20180112160329	5.20	736.50	0.00	0.70
20180112160330	5.20	736.40	0.00	0.60
20180112160331	5.20	736.40	0.00	0.60
20180112160332	5.20	736.40	0.00	0.60
20180112160333	5.20	736.40	0.00	0.60
20180112160334	5.20	736.40	0.00	0.50
20180112160335	5.20	736.40	0.00	0.50
20180112160336	5.20	736.50	0.00	0.60
20180112160337	5.20	736.50	0.00	0.60
20180112160338	5.20	736.50	0.00	0.50
20180112160339	5.20	736.50	0.00	0.50
20180112160340	5.20	736.50	0.00	0.60
20180112160341	5.20	736.50	0.00	0.60
20180112160342	5.20	736.50	0.00	0.50
20180112160343	5.20	736.50	0.00	0.50
20180112160344	5.20	736.50	0.00	0.50
20180112160345	5.20	736.60	0.00	0.60
20180112160346	5.20	736.60	0.00	0.60
20180112160347	5.20	736.60	0.00	0.50
20180112160348	5.20	736.60	0.00	0.50
20180112160349	5.20	736.50	0.00	0.60
20180112160350	5.20	736.50	0.00	0.60
20180112160351	5.20	736.40	0.00	0.50
20180112160352	5.20	736.40	0.00	0.50
20180112160353	5.20	736.50	0.00	0.60
20180112160354	5.20	736.50	0.00	0.60
20180112160355	5.20	736.40	0.00	0.60
20180112160356	5.20	736.40	0.00	0.60
20180112160357	5.20	736.40	0.00	0.60
20180112160358	5.20	736.40	0.00	0.60
20180112160359	5.20	736.40	0.00	0.60
20180112160400	5.20	736.50	0.00	6.00
